plan 60000000 1040005e0b100007100010000bf33a5d4d 1690312500 1940312500 1690312500 1536-selected-observer3-scan64 3 60000000000
snapshot GLT1SNAP 00010000 474c5431 00000008 00000001 8e7bfa8e 00000011 00000002 00000000 00000000 00000000 00000000 00000000 00000000 00000000 00000000 00000000 00000000 00000000 00000000 00000000 00000000 03938700 00013560 b04a2fab 00000001
visit before_tune 0 0 1690312498 60000000 1 75404933774 1 1
snapshot GLT1SNAP 00010000 474c5431 00000009 00000001 8e95f14b 00000011 00000002 00000000 00000000 00000000 00000000 00000000 00000000 00000000 00000000 00000000 00000000 00000000 00000000 00000000 00000000 03938700 00013560 b04a2fab 00000001
snapshot GLT1SNAP 00010000 474c5431 0000000a 00000001 8ec8ed2c 00000011 00000002 00000000 00000000 00000000 00000000 00000000 00000000 00000000 00000000 00000000 00000000 00000000 00000000 00000000 00000000 03938700 00013560 b04a2fab 00000001
visit tuned 0 0 1690312498 60000000 1 75409976620 1 1
snapshot GLT1SNAP 00010000 474c5431 00000010 00000002 a9d8c6eb 00000011 00000002 00000000 00000000 00000000 00000000 00000000 00000000 00000000 00000000 00000000 00000000 00000000 00000000 00000000 00000000 03938700 00013560 b04a2fab 00000001
visit after_run 0 0 1690312498 60000000 2 75864000235 1 1
snapshot GLT1SNAP 00010000 474c5431 00000011 00000002 a9f2b46e 00000011 00000002 00000000 00000000 00000000 00000000 00000000 00000000 00000000 00000000 00000000 00000000 00000000 00000000 00000000 00000000 03938700 00013560 b04a2fab 00000001
visit before_tune 1 0 1690312498 60000000 2 75865699438 1 1
snapshot GLT1SNAP 00010000 474c5431 00000012 00000002 aa0ca296 00000011 00000002 00000000 00000000 00000000 00000000 00000000 00000000 00000000 00000000 00000000 00000000 00000000 00000000 00000000 00000000 03938700 00013560 b04a2fab 00000001
snapshot GLT1SNAP 00010000 474c5431 00000013 00000002 aa3f6ade 00000011 00000002 00000000 00000000 00000000 00000000 00000000 00000000 00000000 00000000 00000000 00000000 00000000 00000000 00000000 00000000 03938700 00013560 b04a2fab 00000001
visit tuned 1 0 1940312500 60000000 2 75870726878 1 1
snapshot GLT1SNAP 00010000 474c5431 00000019 00000003 c5197673 00000011 00000002 00000000 00000000 00000000 00000000 00000000 00000000 00000000 00000000 00000000 00000000 00000000 00000000 00000000 00000000 03938700 00013560 b04a2fab 00000001
visit after_run 1 0 1940312500 60000000 3 76321224307 1 1
snapshot GLT1SNAP 00010000 474c5431 0000001a 00000003 c5334a04 00000011 00000002 00000000 00000000 00000000 00000000 00000000 00000000 00000000 00000000 00000000 00000000 00000000 00000000 00000000 00000000 03938700 00013560 b04a2fab 00000001
visit before_tune 2 0 1940312500 60000000 3 76322916868 1 1
snapshot GLT1SNAP 00010000 474c5431 0000001b 00000003 c54d370f 00000011 00000002 00000000 00000000 00000000 00000000 00000000 00000000 00000000 00000000 00000000 00000000 00000000 00000000 00000000 00000000 03938700 00013560 b04a2fab 00000001
snapshot GLT1SNAP 00010000 474c5431 0000001c 00000003 c58007dc 00000011 00000002 00000000 00000000 00000000 00000000 00000000 00000000 00000000 00000000 00000000 00000000 00000000 00000000 00000000 00000000 03938700 00013560 b04a2fab 00000001
visit tuned 2 0 1690312498 60000000 3 76327946204 1 1
snapshot GLT1SNAP 00010000 474c5431 00000022 00000004 e0ad630e 00000011 00000002 00000000 00000000 00000000 00000000 00000000 00000000 00000000 00000000 00000000 00000000 00000000 00000000 00000000 00000000 03938700 00013560 b04a2fab 00000001
visit after_run 2 0 1690312498 60000000 4 76783903502 1 1
terminal 0
