plan 60000000 1040005e0b100007100010000bf33a5d4d 1690312500 1940312500 1536 2 60000000000
snapshot GLT1SNAP 00010000 474c5431 000000ac 00000005 a793b6ac 0000004a 00000002 00000000 00000000 00000000 00000000 00000000 00000000 00000000 00000000 00000000 00000000 00000000 00000000 00000000 00000000 03938700 00013560 b04a2fab 00000001
visit before_tune 0 0 1690312498 60000000 5 320639055532 1 1
snapshot GLT1SNAP 00010000 474c5431 000000ad 00000005 a7ad2e24 0000004a 00000002 00000000 00000000 00000000 00000000 00000000 00000000 00000000 00000000 00000000 00000000 00000000 00000000 00000000 00000000 03938700 00013560 b04a2fab 00000001
snapshot GLT1SNAP 00010000 474c5431 000000ae 00000005 a7df4063 0000004a 00000002 00000000 00000000 00000000 00000000 00000000 00000000 00000000 00000000 00000000 00000000 00000000 00000000 00000000 00000000 03938700 00013560 b04a2fab 00000001
visit tuned 0 0 1690312498 60000000 5 320644005987 1 1
snapshot GLT1SNAP 00010000 474c5431 000000b4 00000006 cc2b33d6 0000004a 00000002 00000000 00000000 00000000 00000000 00000000 00000000 00000000 00000000 00000000 00000000 00000000 00000000 00000000 00000000 03938700 00013560 b04a2fab 00000001
visit after_run 0 0 1690312498 60000000 6 321252963286 1 1
snapshot GLT1SNAP 00010000 474c5431 000000b5 00000006 cc468d90 0000004a 00000002 00000000 00000000 00000000 00000000 00000000 00000000 00000000 00000000 00000000 00000000 00000000 00000000 00000000 00000000 03938700 00013560 b04a2fab 00000001
visit before_tune 1 0 1690312498 60000000 6 321254755728 1 1
snapshot GLT1SNAP 00010000 474c5431 000000b6 00000006 cc60ae65 0000004a 00000002 00000000 00000000 00000000 00000000 00000000 00000000 00000000 00000000 00000000 00000000 00000000 00000000 00000000 00000000 03938700 00013560 b04a2fab 00000001
snapshot GLT1SNAP 00010000 474c5431 000000b7 00000006 cc9392cd 0000004a 00000002 00000000 00000000 00000000 00000000 00000000 00000000 00000000 00000000 00000000 00000000 00000000 00000000 00000000 00000000 03938700 00013560 b04a2fab 00000001
visit tuned 1 0 1940312500 60000000 6 321259803341 1 1
snapshot GLT1SNAP 00010000 474c5431 000000bd 00000007 f0dd4ea9 0000004a 00000002 00000000 00000000 00000000 00000000 00000000 00000000 00000000 00000000 00000000 00000000 00000000 00000000 00000000 00000000 03938700 00013560 b04a2fab 00000001
visit after_run 1 0 1940312500 60000000 7 321868615337 1 1
terminal 0
