plan 60000000 1040005e0b100007100010000bf33a5d4d 1690312500 1940312500 1536 2 60000000000
snapshot GLT1SNAP 00010000 474c5431 00000092 00000003 49b22359 00000044 00000002 00000000 00000000 00000000 00000000 00000000 00000000 00000000 00000000 00000000 00000000 00000000 00000000 00000000 00000000 03938700 00013560 b04a2fab 00000001
visit before_tune 0 0 1690312498 60000000 3 293294179383 1 1
snapshot GLT1SNAP 00010000 474c5431 00000094 00000003 49cc2b5d 00000044 00000002 00000000 00000000 00000000 00000000 00000000 00000000 00000000 00000000 00000000 00000000 00000000 00000000 00000000 00000000 03938700 00013560 b04a2fab 00000001
snapshot GLT1SNAP 00010000 474c5431 00000096 00000003 49feffcc 00000044 00000002 00000000 00000000 00000000 00000000 00000000 00000000 00000000 00000000 00000000 00000000 00000000 00000000 00000000 00000000 03938700 00013560 b04a2fab 00000001
visit tuned 0 0 1690312498 60000000 3 293299216482 1 1
snapshot GLT1SNAP 00010000 474c5431 0000009d 00000004 6e48523e 00000044 00000002 00000000 00000000 00000000 00000000 00000000 00000000 00000000 00000000 00000000 00000000 00000000 00000000 00000000 00000000 03938700 00013560 b04a2fab 00000001
visit after_run 0 0 1690312498 60000000 4 293908001581 1 1
snapshot GLT1SNAP 00010000 474c5431 0000009f 00000004 6e61c086 00000044 00000002 00000000 00000000 00000000 00000000 00000000 00000000 00000000 00000000 00000000 00000000 00000000 00000000 00000000 00000000 03938700 00013560 b04a2fab 00000001
visit before_tune 1 0 1690312498 60000000 4 293909668367 1 1
snapshot GLT1SNAP 00010000 474c5431 000000a1 00000004 6e7b2b65 00000044 00000002 00000000 00000000 00000000 00000000 00000000 00000000 00000000 00000000 00000000 00000000 00000000 00000000 00000000 00000000 03938700 00013560 b04a2fab 00000001
snapshot GLT1SNAP 00010000 474c5431 000000a3 00000004 6eaccded 00000044 00000002 00000000 00000000 00000000 00000000 00000000 00000000 00000000 00000000 00000000 00000000 00000000 00000000 00000000 00000000 03938700 00013560 b04a2fab 00000001
visit tuned 1 0 1940312500 60000000 4 293914586951 1 1
snapshot GLT1SNAP 00010000 474c5431 000000aa 00000005 92f731ff 00000044 00000002 00000000 00000000 00000000 00000000 00000000 00000000 00000000 00000000 00000000 00000000 00000000 00000000 00000000 00000000 03938700 00013560 b04a2fab 00000001
visit after_run 1 0 1940312500 60000000 5 294523441914 1 1
terminal 0
