plan 30000000 1040005e0b100007100010000bf33a5d4d 1690312500 1940312500 1690312500 1536-selected-observer3-scan64 3 60000000000
snapshot GLT1SNAP 00010000 474c5431 00000002 00000000 7cb352da 00000000 00000002 00000000 00000000 00000000 00000000 00000000 00000000 00000000 00000000 00000000 00000000 00000000 00000000 00000000 00529775 01c9c380 00009ab0 b04a2fab 00000001
visit before_tune 0 0 1690312498 30000000 0 2092126938 1 1
snapshot GLT1SNAP 00010000 474c5431 00000003 00000000 7cc00dbc 00000000 00000002 00000000 00000000 00000000 00000000 00000000 00000000 00000000 00000000 00000000 00000000 00000000 00000000 00000000 00529775 01c9c380 00009ab0 b04a2fab 00000001
snapshot GLT1SNAP 00010000 474c5431 00000004 00000000 7cd8fd21 00000000 00000002 00000000 00000000 00000000 00000000 00000000 00000000 00000000 00000000 00000000 00000000 00000000 00000000 00000000 00529775 01c9c380 00009ab0 b04a2fab 00000001
visit tuned 0 0 1690312498 30000000 0 2094595361 1 1
snapshot GLT1SNAP 00010000 474c5431 0000000a 00000001 8a3718a2 00000000 00000002 00000000 00000000 00000000 00000000 00000000 00000000 00000000 00000000 00000000 00000000 00000000 00000000 00000000 00000000 01c9c380 00009ab0 b04a2fab 00000001
visit after_run 0 0 1690312498 30000000 1 2318866594 1 1
snapshot GLT1SNAP 00010000 474c5431 0000000b 00000001 8a4416bd 00000000 00000002 00000000 00000000 00000000 00000000 00000000 00000000 00000000 00000000 00000000 00000000 00000000 00000000 00000000 00000000 01c9c380 00009ab0 b04a2fab 00000001
visit before_tune 1 0 1690312498 30000000 1 2319718077 1 1
snapshot GLT1SNAP 00010000 474c5431 0000000c 00000001 8a5113a3 00000000 00000002 00000000 00000000 00000000 00000000 00000000 00000000 00000000 00000000 00000000 00000000 00000000 00000000 00000000 00000000 01c9c380 00009ab0 b04a2fab 00000001
snapshot GLT1SNAP 00010000 474c5431 0000000d 00000001 8a6b2357 00000000 00000002 00000000 00000000 00000000 00000000 00000000 00000000 00000000 00000000 00000000 00000000 00000000 00000000 00000000 00000000 01c9c380 00009ab0 b04a2fab 00000001
visit tuned 1 0 1940312500 30000000 1 2322277207 1 1
snapshot GLT1SNAP 00010000 474c5431 00000013 00000002 97cb3fe7 00000000 00000002 00000000 00000000 00000000 00000000 00000000 00000000 00000000 00000000 00000000 00000000 00000000 00000000 00000000 00000000 01c9c380 00009ab0 b04a2fab 00000001
visit after_run 1 0 1940312500 30000000 2 2546679783 1 1
snapshot GLT1SNAP 00010000 474c5431 00000014 00000002 97d8304b 00000000 00000002 00000000 00000000 00000000 00000000 00000000 00000000 00000000 00000000 00000000 00000000 00000000 00000000 00000000 00000000 01c9c380 00009ab0 b04a2fab 00000001
visit before_tune 2 0 1940312500 30000000 2 2547527755 1 1
snapshot GLT1SNAP 00010000 474c5431 00000015 00000002 97e5292f 00000000 00000002 00000000 00000000 00000000 00000000 00000000 00000000 00000000 00000000 00000000 00000000 00000000 00000000 00000000 00000000 01c9c380 00009ab0 b04a2fab 00000001
snapshot GLT1SNAP 00010000 474c5431 00000016 00000002 97feb517 00000000 00000002 00000000 00000000 00000000 00000000 00000000 00000000 00000000 00000000 00000000 00000000 00000000 00000000 00000000 00000000 01c9c380 00009ab0 b04a2fab 00000001
visit tuned 2 0 1690312498 30000000 2 2550052119 1 1
snapshot GLT1SNAP 00010000 474c5431 0000001c 00000003 a579d05e 00000000 00000002 00000000 00000000 00000000 00000000 00000000 00000000 00000000 00000000 00000000 00000000 00000000 00000000 00000000 00000000 01c9c380 00009ab0 b04a2fab 00000001
visit after_run 2 0 1690312498 30000000 3 2776223838 1 1
terminal 0
