clipped_complex_fraction,clipped_complex_sample_count,constant_iq,coverage_fraction,expected_sample_count,lane,missing_sample_count,observed_sample_count,path,session_id,uncovered_region_count
0.0,0,False,1.0,150000000,standard,0,150000000,stream-0 · RX0,cap-20260823T073335-7abf686dc474,0
0.0,0,False,1.0,150000000,standard,0,150000000,stream-1 · RX1,cap-20260823T073335-7abf686dc474,0
0.0,0,False,1.0,150000000,standard,0,150000000,stream-1 · RX0,cap-20260823T073335-7abf686dc474,0
0.0,0,False,1.0,150000000,standard,0,150000000,stream-0 · RX1,cap-20260823T073335-7abf686dc474,0
0.0,0,False,1.0,150000000,standard,0,150000000,stream-1 · RX1,cap-20260823T073619-9cee33a9dd2b,0
0.0,0,False,1.0,150000000,standard,0,150000000,stream-1 · RX0,cap-20260823T073619-9cee33a9dd2b,0
0.0,0,False,1.0,150000000,standard,0,150000000,stream-0 · RX1,cap-20260823T073619-9cee33a9dd2b,0
0.0,0,False,1.0,150000000,standard,0,150000000,stream-0 · RX0,cap-20260823T073619-9cee33a9dd2b,0
0.0,0,False,1.0,150000000,standard,0,150000000,stream-1 · RX0,cap-20260823T073906-64f522fff813,0
0.0,0,False,1.0,150000000,standard,0,150000000,stream-0 · RX0,cap-20260823T073906-64f522fff813,0
0.0,0,False,1.0,150000000,standard,0,150000000,stream-1 · RX1,cap-20260823T073906-64f522fff813,0
0.0,0,False,1.0,150000000,standard,0,150000000,stream-0 · RX1,cap-20260823T073906-64f522fff813,0
0.0,0,False,1.0,150000000,standard,0,150000000,stream-0 · RX0,cap-20260823T074200-885627569b4f,0
0.0,0,False,1.0,150000000,standard,0,150000000,stream-1 · RX1,cap-20260823T074200-885627569b4f,0
0.0,0,False,1.0,150000000,standard,0,150000000,stream-0 · RX1,cap-20260823T074200-885627569b4f,0
0.0,0,False,1.0,150000000,standard,0,150000000,stream-1 · RX0,cap-20260823T074200-885627569b4f,0
0.0,0,False,1.0,150000000,standard,0,150000000,stream-1 · RX0,cap-20260823T074500-31bed69ebed6,0
0.0,0,False,1.0,150000000,standard,0,150000000,stream-1 · RX1,cap-20260823T074500-31bed69ebed6,0
0.0,0,False,1.0,150000000,standard,0,150000000,stream-0 · RX0,cap-20260823T074500-31bed69ebed6,0
0.0,0,False,1.0,150000000,standard,0,150000000,stream-0 · RX1,cap-20260823T074500-31bed69ebed6,0
0.0,0,False,1.0,150000000,standard,0,150000000,stream-0 · RX0,cap-20260823T074800-590818dd9ef9,0
0.0,0,False,1.0,150000000,standard,0,150000000,stream-1 · RX0,cap-20260823T074800-590818dd9ef9,0
0.0,0,False,1.0,150000000,standard,0,150000000,stream-0 · RX1,cap-20260823T074800-590818dd9ef9,0
0.0,0,False,1.0,150000000,standard,0,150000000,stream-1 · RX1,cap-20260823T074800-590818dd9ef9,0
0.0,0,False,1.0,150000000,standard,0,150000000,stream-1 · RX1,cap-20260823T075100-6cb9ff7b57f6,0
0.0,0,False,1.0,150000000,standard,0,150000000,stream-0 · RX0,cap-20260823T075100-6cb9ff7b57f6,0
0.0,0,False,1.0,150000000,standard,0,150000000,stream-0 · RX1,cap-20260823T075100-6cb9ff7b57f6,0
0.0,0,False,1.0,150000000,standard,0,150000000,stream-1 · RX0,cap-20260823T075100-6cb9ff7b57f6,0
0.0,0,False,1.0,150000000,standard,0,150000000,stream-0 · RX1,cap-20260823T075400-ab12d837afad,0
0.0,0,False,1.0,150000000,standard,0,150000000,stream-1 · RX0,cap-20260823T075400-ab12d837afad,0
0.0,0,False,1.0,150000000,standard,0,150000000,stream-0 · RX0,cap-20260823T075400-ab12d837afad,0
0.0,0,False,1.0,150000000,standard,0,150000000,stream-1 · RX1,cap-20260823T075400-ab12d837afad,0
0.0,0,False,1.0,150000000,standard,0,150000000,stream-0 · RX0,cap-20260823T075700-be27bfb477a7,0
0.0,0,False,1.0,150000000,standard,0,150000000,stream-1 · RX0,cap-20260823T075700-be27bfb477a7,0
0.0,0,False,1.0,150000000,standard,0,150000000,stream-0 · RX1,cap-20260823T075700-be27bfb477a7,0
0.0,0,False,1.0,150000000,standard,0,150000000,stream-1 · RX1,cap-20260823T075700-be27bfb477a7,0
0.0,0,False,1.0,150000000,standard,0,150000000,stream-0 · RX0,cap-20260823T080000-837384ca129c,0
0.0,0,False,1.0,150000000,standard,0,150000000,stream-0 · RX1,cap-20260823T080000-837384ca129c,0
0.0,0,False,1.0,150000000,standard,0,150000000,stream-1 · RX0,cap-20260823T080000-837384ca129c,0
0.0,0,False,1.0,150000000,standard,0,150000000,stream-1 · RX1,cap-20260823T080000-837384ca129c,0
0.0,0,False,1.0,150000000,standard,0,150000000,stream-0 · RX0,cap-20260823T080300-3d450822620d,0
0.0,0,False,1.0,150000000,standard,0,150000000,stream-1 · RX0,cap-20260823T080300-3d450822620d,0
0.0,0,False,1.0,150000000,standard,0,150000000,stream-0 · RX1,cap-20260823T080300-3d450822620d,0
0.0,0,False,1.0,150000000,standard,0,150000000,stream-1 · RX1,cap-20260823T080300-3d450822620d,0
0.0,0,False,1.0,150000000,standard,0,150000000,stream-0 · RX1,cap-20260823T080600-5f0e99fe2ab7,0
0.0,0,False,1.0,150000000,standard,0,150000000,stream-1 · RX0,cap-20260823T080600-5f0e99fe2ab7,0
0.0,0,False,1.0,150000000,standard,0,150000000,stream-1 · RX1,cap-20260823T080600-5f0e99fe2ab7,0
0.0,0,False,1.0,150000000,standard,0,150000000,stream-0 · RX0,cap-20260823T080600-5f0e99fe2ab7,0
0.0,0,False,1.0,150000000,standard,0,150000000,stream-0 · RX1,cap-20260823T080900-681acb8fef7c,0
0.0,0,False,1.0,150000000,standard,0,150000000,stream-0 · RX0,cap-20260823T080900-681acb8fef7c,0
0.0,0,False,1.0,150000000,standard,0,150000000,stream-1 · RX1,cap-20260823T080900-681acb8fef7c,0
0.0,0,False,1.0,150000000,standard,0,150000000,stream-1 · RX0,cap-20260823T080900-681acb8fef7c,0
0.0,0,False,1.0,150000000,standard,0,150000000,stream-1 · RX0,cap-20260823T081500-6673b8645d5b,0
0.0,0,False,1.0,150000000,standard,0,150000000,stream-1 · RX1,cap-20260823T081500-6673b8645d5b,0
0.0,0,False,1.0,150000000,standard,0,150000000,stream-0 · RX1,cap-20260823T081500-6673b8645d5b,0
0.0,0,False,1.0,150000000,standard,0,150000000,stream-0 · RX0,cap-20260823T081500-6673b8645d5b,0
0.0,0,False,1.0,150000000,standard,0,150000000,stream-0 · RX0,cap-20260823T081800-f120c194cbeb,0
0.0,0,False,1.0,150000000,standard,0,150000000,stream-1 · RX1,cap-20260823T081800-f120c194cbeb,0
0.0,0,False,1.0,150000000,standard,0,150000000,stream-0 · RX1,cap-20260823T081800-f120c194cbeb,0
0.0,0,False,1.0,150000000,standard,0,150000000,stream-1 · RX0,cap-20260823T081800-f120c194cbeb,0
0.0,0,False,1.0,150000000,standard,0,150000000,stream-1 · RX0,cap-20260823T082100-4f1792255679,0
0.0,0,False,1.0,150000000,standard,0,150000000,stream-0 · RX1,cap-20260823T082100-4f1792255679,0
0.0,0,False,1.0,150000000,standard,0,150000000,stream-0 · RX0,cap-20260823T082100-4f1792255679,0
0.0,0,False,1.0,150000000,standard,0,150000000,stream-1 · RX1,cap-20260823T082100-4f1792255679,0
0.0,0,False,1.0,150000000,standard,0,150000000,stream-1 · RX1,cap-20260823T082932-c54cda561486,0
0.0,0,False,1.0,150000000,standard,0,150000000,stream-0 · RX1,cap-20260823T082932-c54cda561486,0
0.0,0,False,1.0,150000000,standard,0,150000000,stream-1 · RX0,cap-20260823T082932-c54cda561486,0
0.0,0,False,1.0,150000000,standard,0,150000000,stream-0 · RX0,cap-20260823T082932-c54cda561486,0
0.0,0,False,1.0,150000000,standard,0,150000000,stream-1 · RX1,cap-20260823T083218-7b8460e6c4a9,0
0.0,0,False,1.0,150000000,standard,0,150000000,stream-1 · RX0,cap-20260823T083218-7b8460e6c4a9,0
0.0,0,False,1.0,150000000,standard,0,150000000,stream-0 · RX1,cap-20260823T083218-7b8460e6c4a9,0
0.0,0,False,1.0,150000000,standard,0,150000000,stream-0 · RX0,cap-20260823T083218-7b8460e6c4a9,0
0.0,0,False,1.0,150000000,standard,0,150000000,stream-0 · RX0,cap-20260823T083907-eec3cb300320,0
0.0,0,False,1.0,150000000,standard,0,150000000,stream-1 · RX1,cap-20260823T083907-eec3cb300320,0
0.0,0,False,1.0,150000000,standard,0,150000000,stream-0 · RX1,cap-20260823T083907-eec3cb300320,0
0.0,0,False,1.0,150000000,standard,0,150000000,stream-1 · RX0,cap-20260823T083907-eec3cb300320,0
0.0,0,False,1.0,150000000,standard,0,150000000,stream-1 · RX1,cap-20260823T084500-f2ea7da8e07d,0
0.0,0,False,1.0,150000000,standard,0,150000000,stream-1 · RX0,cap-20260823T084500-f2ea7da8e07d,0
0.0,0,False,1.0,150000000,standard,0,150000000,stream-0 · RX0,cap-20260823T084500-f2ea7da8e07d,0
0.0,0,False,1.0,150000000,standard,0,150000000,stream-0 · RX1,cap-20260823T084500-f2ea7da8e07d,0
0.0,0,False,1.0,150000000,standard,0,150000000,stream-0 · RX0,cap-20260823T084800-235cfbc3fe7f,0
0.0,0,False,1.0,150000000,standard,0,150000000,stream-0 · RX1,cap-20260823T084800-235cfbc3fe7f,0
0.0,0,False,1.0,150000000,standard,0,150000000,stream-1 · RX0,cap-20260823T084800-235cfbc3fe7f,0
0.0,0,False,1.0,150000000,standard,0,150000000,stream-1 · RX1,cap-20260823T084800-235cfbc3fe7f,0
0.0,0,False,1.0,150000000,standard,0,150000000,stream-0 · RX0,cap-20260823T085426-903d04248a75,0
0.0,0,False,1.0,150000000,standard,0,150000000,stream-1 · RX0,cap-20260823T085426-903d04248a75,0
0.0,0,False,1.0,150000000,standard,0,150000000,stream-1 · RX1,cap-20260823T085426-903d04248a75,0
0.0,0,False,1.0,150000000,standard,0,150000000,stream-0 · RX1,cap-20260823T085426-903d04248a75,0
0.0,0,False,1.0,150000000,standard,0,150000000,stream-0 · RX1,cap-20260823T085714-58b6bac41af2,0
0.0,0,False,1.0,150000000,standard,0,150000000,stream-1 · RX0,cap-20260823T085714-58b6bac41af2,0
0.0,0,False,1.0,150000000,standard,0,150000000,stream-1 · RX1,cap-20260823T085714-58b6bac41af2,0
0.0,0,False,1.0,150000000,standard,0,150000000,stream-0 · RX0,cap-20260823T085714-58b6bac41af2,0
0.0,0,False,1.0,150000000,standard,0,150000000,stream-0 · RX0,cap-20260823T090059-690313ca896b,0
0.0,0,False,1.0,150000000,standard,0,150000000,stream-0 · RX1,cap-20260823T090059-690313ca896b,0
0.0,0,False,1.0,150000000,standard,0,150000000,stream-1 · RX1,cap-20260823T090059-690313ca896b,0
0.0,0,False,1.0,150000000,standard,0,150000000,stream-1 · RX0,cap-20260823T090059-690313ca896b,0
0.0,0,False,1.0,150000000,standard,0,150000000,stream-0 · RX1,cap-20260823T090347-6d1d6dc8f2b1,0
0.0,0,False,1.0,150000000,standard,0,150000000,stream-0 · RX0,cap-20260823T090347-6d1d6dc8f2b1,0
0.0,0,False,1.0,150000000,standard,0,150000000,stream-1 · RX0,cap-20260823T090347-6d1d6dc8f2b1,0
0.0,0,False,1.0,150000000,standard,0,150000000,stream-1 · RX1,cap-20260823T090347-6d1d6dc8f2b1,0
0.0,0,False,1.0,150000000,standard,0,150000000,stream-1 · RX0,cap-20260823T090633-11d10e0288a6,0
0.0,0,False,1.0,150000000,standard,0,150000000,stream-1 · RX1,cap-20260823T090633-11d10e0288a6,0
0.0,0,False,1.0,150000000,standard,0,150000000,stream-0 · RX1,cap-20260823T090633-11d10e0288a6,0
0.0,0,False,1.0,150000000,standard,0,150000000,stream-0 · RX0,cap-20260823T090633-11d10e0288a6,0
0.0,0,False,1.0,150000000,standard,0,150000000,stream-0 · RX0,cap-20260823T090923-a5d13858170f,0
0.0,0,False,1.0,150000000,standard,0,150000000,stream-1 · RX1,cap-20260823T090923-a5d13858170f,0
0.0,0,False,1.0,150000000,standard,0,150000000,stream-0 · RX1,cap-20260823T090923-a5d13858170f,0
0.0,0,False,1.0,150000000,standard,0,150000000,stream-1 · RX0,cap-20260823T090923-a5d13858170f,0
0.0,0,False,1.0,150000000,standard,0,150000000,stream-1 · RX0,cap-20260823T091209-76212f4fca64,0
0.0,0,False,1.0,150000000,standard,0,150000000,stream-0 · RX1,cap-20260823T091209-76212f4fca64,0
0.0,0,False,1.0,150000000,standard,0,150000000,stream-1 · RX1,cap-20260823T091209-76212f4fca64,0
0.0,0,False,1.0,150000000,standard,0,150000000,stream-0 · RX0,cap-20260823T091209-76212f4fca64,0
0.0,0,False,1.0,150000000,standard,0,150000000,stream-0 · RX1,cap-20260823T091800-9bd536243a3e,0
0.0,0,False,1.0,150000000,standard,0,150000000,stream-1 · RX1,cap-20260823T091800-9bd536243a3e,0
0.0,0,False,1.0,150000000,standard,0,150000000,stream-0 · RX0,cap-20260823T091800-9bd536243a3e,0
0.0,0,False,1.0,150000000,standard,0,150000000,stream-1 · RX0,cap-20260823T091800-9bd536243a3e,0
0.0,0,False,1.0,150000000,standard,0,150000000,stream-0 · RX1,cap-20260823T092100-62d4c6eb7bdc,0
0.0,0,False,1.0,150000000,standard,0,150000000,stream-0 · RX0,cap-20260823T092100-62d4c6eb7bdc,0
0.0,0,False,1.0,150000000,standard,0,150000000,stream-1 · RX1,cap-20260823T092100-62d4c6eb7bdc,0
0.0,0,False,1.0,150000000,standard,0,150000000,stream-1 · RX0,cap-20260823T092100-62d4c6eb7bdc,0
0.0,0,False,1.0,150000000,standard,0,150000000,stream-1 · RX0,cap-20260823T092400-3c35810955bd,0
0.0,0,False,1.0,150000000,standard,0,150000000,stream-0 · RX1,cap-20260823T092400-3c35810955bd,0
0.0,0,False,1.0,150000000,standard,0,150000000,stream-1 · RX1,cap-20260823T092400-3c35810955bd,0
0.0,0,False,1.0,150000000,standard,0,150000000,stream-0 · RX0,cap-20260823T092400-3c35810955bd,0
0.0,0,False,1.0,150000000,standard,0,150000000,stream-0 · RX1,cap-20260823T092700-48effabd4369,0
0.0,0,False,1.0,150000000,standard,0,150000000,stream-1 · RX1,cap-20260823T092700-48effabd4369,0
0.0,0,False,1.0,150000000,standard,0,150000000,stream-1 · RX0,cap-20260823T092700-48effabd4369,0
0.0,0,False,1.0,150000000,standard,0,150000000,stream-0 · RX0,cap-20260823T092700-48effabd4369,0
0.0,0,False,1.0,150000000,standard,0,150000000,stream-0 · RX0,cap-20260823T093300-d7b2a62549fe,0
0.0,0,False,1.0,150000000,standard,0,150000000,stream-1 · RX0,cap-20260823T093300-d7b2a62549fe,0
0.0,0,False,1.0,150000000,standard,0,150000000,stream-0 · RX1,cap-20260823T093300-d7b2a62549fe,0
0.0,0,False,1.0,150000000,standard,0,150000000,stream-1 · RX1,cap-20260823T093300-d7b2a62549fe,0
0.0,0,False,1.0,150000000,standard,0,150000000,stream-1 · RX1,cap-20260823T093900-39acaef247b6,0
0.0,0,False,1.0,150000000,standard,0,150000000,stream-0 · RX0,cap-20260823T093900-39acaef247b6,0
0.0,0,False,1.0,150000000,standard,0,150000000,stream-0 · RX1,cap-20260823T093900-39acaef247b6,0
0.0,0,False,1.0,150000000,standard,0,150000000,stream-1 · RX0,cap-20260823T093900-39acaef247b6,0
0.0,0,False,1.0,150000000,standard,0,150000000,stream-0 · RX1,cap-20260823T094200-286af7ccf451,0
0.0,0,False,1.0,150000000,standard,0,150000000,stream-1 · RX0,cap-20260823T094200-286af7ccf451,0
0.0,0,False,1.0,150000000,standard,0,150000000,stream-1 · RX1,cap-20260823T094200-286af7ccf451,0
0.0,0,False,1.0,150000000,standard,0,150000000,stream-0 · RX0,cap-20260823T094200-286af7ccf451,0
0.0,0,False,1.0,150000000,standard,0,150000000,stream-0 · RX0,cap-20260823T094500-4c44f53f328a,0
0.0,0,False,1.0,150000000,standard,0,150000000,stream-0 · RX1,cap-20260823T094500-4c44f53f328a,0
0.0,0,False,1.0,150000000,standard,0,150000000,stream-1 · RX1,cap-20260823T094500-4c44f53f328a,0
0.0,0,False,1.0,150000000,standard,0,150000000,stream-1 · RX0,cap-20260823T094500-4c44f53f328a,0
0.0,0,False,1.0,150000000,standard,0,150000000,stream-1 · RX1,cap-20260823T094800-8799dba1652a,0
0.0,0,False,1.0,150000000,standard,0,150000000,stream-1 · RX0,cap-20260823T094800-8799dba1652a,0
0.0,0,False,1.0,150000000,standard,0,150000000,stream-0 · RX0,cap-20260823T094800-8799dba1652a,0
0.0,0,False,1.0,150000000,standard,0,150000000,stream-0 · RX1,cap-20260823T094800-8799dba1652a,0
0.0,0,False,1.0,150000000,standard,0,150000000,stream-1 · RX1,cap-20260823T095458-7d2412e2ff8f,0
0.0,0,False,1.0,150000000,standard,0,150000000,stream-1 · RX0,cap-20260823T095458-7d2412e2ff8f,0
0.0,0,False,1.0,150000000,standard,0,150000000,stream-0 · RX0,cap-20260823T095458-7d2412e2ff8f,0
0.0,0,False,1.0,150000000,standard,0,150000000,stream-0 · RX1,cap-20260823T095458-7d2412e2ff8f,0
0.0,0,False,1.0,150000000,standard,0,150000000,stream-0 · RX1,cap-20260823T095749-8569a833587a,0
0.0,0,False,1.0,150000000,standard,0,150000000,stream-1 · RX0,cap-20260823T095749-8569a833587a,0
0.0,0,False,1.0,150000000,standard,0,150000000,stream-1 · RX1,cap-20260823T095749-8569a833587a,0
0.0,0,False,1.0,150000000,standard,0,150000000,stream-0 · RX0,cap-20260823T095749-8569a833587a,0
0.0,0,False,1.0,150000000,standard,0,150000000,stream-1 · RX1,cap-20260823T100040-7bc5ba3cc0ac,0
0.0,0,False,1.0,150000000,standard,0,150000000,stream-0 · RX0,cap-20260823T100040-7bc5ba3cc0ac,0
0.0,0,False,1.0,150000000,standard,0,150000000,stream-1 · RX0,cap-20260823T100040-7bc5ba3cc0ac,0
0.0,0,False,1.0,150000000,standard,0,150000000,stream-0 · RX1,cap-20260823T100040-7bc5ba3cc0ac,0
0.0,0,False,1.0,150000000,standard,0,150000000,stream-1 · RX0,cap-20260823T100330-f8009ee92145,0
0.0,0,False,1.0,150000000,standard,0,150000000,stream-1 · RX1,cap-20260823T100330-f8009ee92145,0
0.0,0,False,1.0,150000000,standard,0,150000000,stream-0 · RX0,cap-20260823T100330-f8009ee92145,0
0.0,0,False,1.0,150000000,standard,0,150000000,stream-0 · RX1,cap-20260823T100330-f8009ee92145,0
0.0,0,False,1.0,150000000,standard,0,150000000,stream-0 · RX1,cap-20260823T100905-29d563ac02d9,0
0.0,0,False,1.0,150000000,standard,0,150000000,stream-1 · RX1,cap-20260823T100905-29d563ac02d9,0
0.0,0,False,1.0,150000000,standard,0,150000000,stream-0 · RX0,cap-20260823T100905-29d563ac02d9,0
0.0,0,False,1.0,150000000,standard,0,150000000,stream-1 · RX0,cap-20260823T100905-29d563ac02d9,0
0.0,0,False,1.0,150000000,standard,0,150000000,stream-1 · RX0,cap-20260823T101200-1b98ddd3d643,0
0.0,0,False,1.0,150000000,standard,0,150000000,stream-0 · RX0,cap-20260823T101200-1b98ddd3d643,0
0.0,0,False,1.0,150000000,standard,0,150000000,stream-1 · RX1,cap-20260823T101200-1b98ddd3d643,0
0.0,0,False,1.0,150000000,standard,0,150000000,stream-0 · RX1,cap-20260823T101200-1b98ddd3d643,0
0.0,0,False,1.0,150000000,standard,0,150000000,stream-0 · RX1,cap-20260823T101809-80205045e4c6,0
0.0,0,False,1.0,150000000,standard,0,150000000,stream-0 · RX0,cap-20260823T101809-80205045e4c6,0
0.0,0,False,1.0,150000000,standard,0,150000000,stream-1 · RX0,cap-20260823T101809-80205045e4c6,0
0.0,0,False,1.0,150000000,standard,0,150000000,stream-1 · RX1,cap-20260823T101809-80205045e4c6,0
0.0,0,False,1.0,150000000,standard,0,150000000,stream-0 · RX0,cap-20260823T102100-41a973bd84ae,0
0.0,0,False,1.0,150000000,standard,0,150000000,stream-0 · RX1,cap-20260823T102100-41a973bd84ae,0
0.0,0,False,1.0,150000000,standard,0,150000000,stream-1 · RX1,cap-20260823T102100-41a973bd84ae,0
0.0,0,False,1.0,150000000,standard,0,150000000,stream-1 · RX0,cap-20260823T102100-41a973bd84ae,0
0.0,0,False,1.0,150000000,standard,0,150000000,stream-0 · RX1,cap-20260823T102721-5eb863f3e015,0
0.0,0,False,1.0,150000000,standard,0,150000000,stream-1 · RX0,cap-20260823T102721-5eb863f3e015,0
0.0,0,False,1.0,150000000,standard,0,150000000,stream-0 · RX0,cap-20260823T102721-5eb863f3e015,0
0.0,0,False,1.0,150000000,standard,0,150000000,stream-1 · RX1,cap-20260823T102721-5eb863f3e015,0
0.0,0,False,1.0,150000000,standard,0,150000000,stream-1 · RX1,cap-20260823T103006-b22ba294d7f7,0
0.0,0,False,1.0,150000000,standard,0,150000000,stream-0 · RX0,cap-20260823T103006-b22ba294d7f7,0
0.0,0,False,1.0,150000000,standard,0,150000000,stream-1 · RX0,cap-20260823T103006-b22ba294d7f7,0
0.0,0,False,1.0,150000000,standard,0,150000000,stream-0 · RX1,cap-20260823T103006-b22ba294d7f7,0
0.0,0,False,1.0,150000000,standard,0,150000000,stream-0 · RX1,cap-20260823T103300-f5e88b1f6dff,0
0.0,0,False,1.0,150000000,standard,0,150000000,stream-0 · RX0,cap-20260823T103300-f5e88b1f6dff,0
0.0,0,False,1.0,150000000,standard,0,150000000,stream-1 · RX0,cap-20260823T103300-f5e88b1f6dff,0
0.0,0,False,1.0,150000000,standard,0,150000000,stream-1 · RX1,cap-20260823T103300-f5e88b1f6dff,0
0.0,0,False,1.0,150000000,standard,0,150000000,stream-0 · RX1,cap-20260823T103600-a42d17d4fcb0,0
0.0,0,False,1.0,150000000,standard,0,150000000,stream-1 · RX0,cap-20260823T103600-a42d17d4fcb0,0
0.0,0,False,1.0,150000000,standard,0,150000000,stream-1 · RX1,cap-20260823T103600-a42d17d4fcb0,0
0.0,0,False,1.0,150000000,standard,0,150000000,stream-0 · RX0,cap-20260823T103600-a42d17d4fcb0,0
0.0,0,False,1.0,150000000,standard,0,150000000,stream-1 · RX0,cap-20260823T103900-f15ba31ea9b2,0
0.0,0,False,1.0,150000000,standard,0,150000000,stream-0 · RX1,cap-20260823T103900-f15ba31ea9b2,0
0.0,0,False,1.0,150000000,standard,0,150000000,stream-0 · RX0,cap-20260823T103900-f15ba31ea9b2,0
0.0,0,False,1.0,150000000,standard,0,150000000,stream-1 · RX1,cap-20260823T103900-f15ba31ea9b2,0
0.0,0,False,1.0,150000000,standard,0,150000000,stream-0 · RX1,cap-20260823T104200-597c155f2bcf,0
0.0,0,False,1.0,150000000,standard,0,150000000,stream-1 · RX1,cap-20260823T104200-597c155f2bcf,0
0.0,0,False,1.0,150000000,standard,0,150000000,stream-0 · RX0,cap-20260823T104200-597c155f2bcf,0
0.0,0,False,1.0,150000000,standard,0,150000000,stream-1 · RX0,cap-20260823T104200-597c155f2bcf,0
0.0,0,False,1.0,150000000,standard,0,150000000,stream-0 · RX0,cap-20260823T104500-c60e191df8ff,0
0.0,0,False,1.0,150000000,standard,0,150000000,stream-0 · RX1,cap-20260823T104500-c60e191df8ff,0
0.0,0,False,1.0,150000000,standard,0,150000000,stream-1 · RX0,cap-20260823T104500-c60e191df8ff,0
0.0,0,False,1.0,150000000,standard,0,150000000,stream-1 · RX1,cap-20260823T104500-c60e191df8ff,0
0.0,0,False,1.0,150000000,standard,0,150000000,stream-0 · RX0,cap-20260823T104800-e74d8882b242,0
0.0,0,False,1.0,150000000,standard,0,150000000,stream-0 · RX1,cap-20260823T104800-e74d8882b242,0
0.0,0,False,1.0,150000000,standard,0,150000000,stream-1 · RX0,cap-20260823T104800-e74d8882b242,0
0.0,0,False,1.0,150000000,standard,0,150000000,stream-1 · RX1,cap-20260823T104800-e74d8882b242,0
0.0,0,False,1.0,150000000,standard,0,150000000,stream-1 · RX1,cap-20260823T105400-45b265314705,0
0.0,0,False,1.0,150000000,standard,0,150000000,stream-1 · RX0,cap-20260823T105400-45b265314705,0
0.0,0,False,1.0,150000000,standard,0,150000000,stream-0 · RX1,cap-20260823T105400-45b265314705,0
0.0,0,False,1.0,150000000,standard,0,150000000,stream-0 · RX0,cap-20260823T105400-45b265314705,0
0.0,0,False,1.0,150000000,standard,0,150000000,stream-1 · RX1,cap-20260823T105700-5b47e25426e2,0
0.0,0,False,1.0,150000000,standard,0,150000000,stream-0 · RX0,cap-20260823T105700-5b47e25426e2,0
0.0,0,False,1.0,150000000,standard,0,150000000,stream-0 · RX1,cap-20260823T105700-5b47e25426e2,0
0.0,0,False,1.0,150000000,standard,0,150000000,stream-1 · RX0,cap-20260823T105700-5b47e25426e2,0
0.0,0,False,1.0,150000000,standard,0,150000000,stream-1 · RX0,cap-20260823T110332-725635ff80b1,0
0.0,0,False,1.0,150000000,standard,0,150000000,stream-1 · RX1,cap-20260823T110332-725635ff80b1,0
0.0,0,False,1.0,150000000,standard,0,150000000,stream-0 · RX0,cap-20260823T110332-725635ff80b1,0
0.0,0,False,1.0,150000000,standard,0,150000000,stream-0 · RX1,cap-20260823T110332-725635ff80b1,0
0.0,0,False,1.0,150000000,standard,0,150000000,stream-0 · RX1,cap-20260823T110622-a02d007ca14a,0
0.0,0,False,1.0,150000000,standard,0,150000000,stream-1 · RX1,cap-20260823T110622-a02d007ca14a,0
0.0,0,False,1.0,150000000,standard,0,150000000,stream-0 · RX0,cap-20260823T110622-a02d007ca14a,0
0.0,0,False,1.0,150000000,standard,0,150000000,stream-1 · RX0,cap-20260823T110622-a02d007ca14a,0
0.0,0,False,1.0,150000000,standard,0,150000000,stream-1 · RX0,cap-20260823T111139-5bde5bd4dd04,0
0.0,0,False,1.0,150000000,standard,0,150000000,stream-1 · RX1,cap-20260823T111139-5bde5bd4dd04,0
0.0,0,False,1.0,150000000,standard,0,150000000,stream-0 · RX0,cap-20260823T111139-5bde5bd4dd04,0
0.0,0,False,1.0,150000000,standard,0,150000000,stream-0 · RX1,cap-20260823T111139-5bde5bd4dd04,0
0.0,0,False,1.0,150000000,standard,0,150000000,stream-0 · RX1,cap-20260823T111430-17ab4cda0851,0
0.0,0,False,1.0,150000000,standard,0,150000000,stream-1 · RX0,cap-20260823T111430-17ab4cda0851,0
0.0,0,False,1.0,150000000,standard,0,150000000,stream-0 · RX0,cap-20260823T111430-17ab4cda0851,0
0.0,0,False,1.0,150000000,standard,0,150000000,stream-1 · RX1,cap-20260823T111430-17ab4cda0851,0
0.0,0,False,1.0,150000000,standard,0,150000000,stream-1 · RX1,cap-20260823T111715-35a82d19c4c5,0
0.0,0,False,1.0,150000000,standard,0,150000000,stream-0 · RX1,cap-20260823T111715-35a82d19c4c5,0
0.0,0,False,1.0,150000000,standard,0,150000000,stream-0 · RX0,cap-20260823T111715-35a82d19c4c5,0
0.0,0,False,1.0,150000000,standard,0,150000000,stream-1 · RX0,cap-20260823T111715-35a82d19c4c5,0
0.0,0,False,1.0,150000000,standard,0,150000000,stream-1 · RX1,cap-20260823T112002-cd1078bbb46d,0
0.0,0,False,1.0,150000000,standard,0,150000000,stream-1 · RX0,cap-20260823T112002-cd1078bbb46d,0
0.0,0,False,1.0,150000000,standard,0,150000000,stream-0 · RX1,cap-20260823T112002-cd1078bbb46d,0
0.0,0,False,1.0,150000000,standard,0,150000000,stream-0 · RX0,cap-20260823T112002-cd1078bbb46d,0
0.0,0,False,1.0,150000000,standard,0,150000000,stream-1 · RX1,cap-20260823T112246-00eaaa171336,0
0.0,0,False,1.0,150000000,standard,0,150000000,stream-0 · RX1,cap-20260823T112246-00eaaa171336,0
0.0,0,False,1.0,150000000,standard,0,150000000,stream-1 · RX0,cap-20260823T112246-00eaaa171336,0
0.0,0,False,1.0,150000000,standard,0,150000000,stream-0 · RX0,cap-20260823T112246-00eaaa171336,0
0.0,0,False,1.0,150000000,standard,0,150000000,stream-0 · RX1,cap-20260823T112821-12d694a8feba,0
0.0,0,False,1.0,150000000,standard,0,150000000,stream-1 · RX1,cap-20260823T112821-12d694a8feba,0
0.0,0,False,1.0,150000000,standard,0,150000000,stream-1 · RX0,cap-20260823T112821-12d694a8feba,0
0.0,0,False,1.0,150000000,standard,0,150000000,stream-0 · RX0,cap-20260823T112821-12d694a8feba,0
0.0,0,False,1.0,150000000,standard,0,150000000,stream-1 · RX0,cap-20260823T113111-10142f2c1489,0
0.0,0,False,1.0,150000000,standard,0,150000000,stream-1 · RX1,cap-20260823T113111-10142f2c1489,0
0.0,0,False,1.0,150000000,standard,0,150000000,stream-0 · RX1,cap-20260823T113111-10142f2c1489,0
0.0,0,False,1.0,150000000,standard,0,150000000,stream-0 · RX0,cap-20260823T113111-10142f2c1489,0
0.0,0,False,1.0,150000000,standard,0,150000000,stream-1 · RX1,cap-20260823T113719-e85d040a0afd,0
0.0,0,False,1.0,150000000,standard,0,150000000,stream-0 · RX1,cap-20260823T113719-e85d040a0afd,0
0.0,0,False,1.0,150000000,standard,0,150000000,stream-0 · RX0,cap-20260823T113719-e85d040a0afd,0
0.0,0,False,1.0,150000000,standard,0,150000000,stream-1 · RX0,cap-20260823T113719-e85d040a0afd,0
0.0,0,False,1.0,150000000,standard,0,150000000,stream-0 · RX1,cap-20260823T114012-49c3afc433c0,0
0.0,0,False,1.0,150000000,standard,0,150000000,stream-1 · RX0,cap-20260823T114012-49c3afc433c0,0
0.0,0,False,1.0,150000000,standard,0,150000000,stream-0 · RX0,cap-20260823T114012-49c3afc433c0,0
0.0,0,False,1.0,150000000,standard,0,150000000,stream-1 · RX1,cap-20260823T114012-49c3afc433c0,0
0.0,0,False,1.0,150000000,standard,0,150000000,stream-0 · RX0,cap-20260823T114537-e7e1cf063697,0
0.0,0,False,1.0,150000000,standard,0,150000000,stream-0 · RX1,cap-20260823T114537-e7e1cf063697,0
0.0,0,False,1.0,150000000,standard,0,150000000,stream-1 · RX0,cap-20260823T114537-e7e1cf063697,0
0.0,0,False,1.0,150000000,standard,0,150000000,stream-1 · RX1,cap-20260823T114537-e7e1cf063697,0
0.0,0,False,1.0,150000000,standard,0,150000000,stream-0 · RX0,cap-20260823T114819-6119ff0fc686,0
0.0,0,False,1.0,150000000,standard,0,150000000,stream-1 · RX0,cap-20260823T114819-6119ff0fc686,0
0.0,0,False,1.0,150000000,standard,0,150000000,stream-0 · RX1,cap-20260823T114819-6119ff0fc686,0
0.0,0,False,1.0,150000000,standard,0,150000000,stream-1 · RX1,cap-20260823T114819-6119ff0fc686,0
0.0,0,False,1.0,150000000,standard,0,150000000,stream-1 · RX0,cap-20260823T115110-180c32b1c8f9,0
0.0,0,False,1.0,150000000,standard,0,150000000,stream-0 · RX0,cap-20260823T115110-180c32b1c8f9,0
0.0,0,False,1.0,150000000,standard,0,150000000,stream-1 · RX1,cap-20260823T115110-180c32b1c8f9,0
0.0,0,False,1.0,150000000,standard,0,150000000,stream-0 · RX1,cap-20260823T115110-180c32b1c8f9,0
0.0,0,False,1.0,150000000,standard,0,150000000,stream-0 · RX1,cap-20260823T115700-5d76364aed04,0
0.0,0,False,1.0,150000000,standard,0,150000000,stream-1 · RX1,cap-20260823T115700-5d76364aed04,0
0.0,0,False,1.0,150000000,standard,0,150000000,stream-0 · RX0,cap-20260823T115700-5d76364aed04,0
0.0,0,False,1.0,150000000,standard,0,150000000,stream-1 · RX0,cap-20260823T115700-5d76364aed04,0
0.0,0,False,1.0,150000000,standard,0,150000000,stream-1 · RX0,cap-20260823T120000-c785295408a6,0
0.0,0,False,1.0,150000000,standard,0,150000000,stream-0 · RX1,cap-20260823T120000-c785295408a6,0
0.0,0,False,1.0,150000000,standard,0,150000000,stream-0 · RX0,cap-20260823T120000-c785295408a6,0
0.0,0,False,1.0,150000000,standard,0,150000000,stream-1 · RX1,cap-20260823T120000-c785295408a6,0
0.0,0,False,1.0,150000000,standard,0,150000000,stream-0 · RX0,cap-20260823T120300-951fa50b00a5,0
0.0,0,False,1.0,150000000,standard,0,150000000,stream-1 · RX0,cap-20260823T120300-951fa50b00a5,0
0.0,0,False,1.0,150000000,standard,0,150000000,stream-1 · RX1,cap-20260823T120300-951fa50b00a5,0
0.0,0,False,1.0,150000000,standard,0,150000000,stream-0 · RX1,cap-20260823T120300-951fa50b00a5,0
0.0,0,False,1.0,150000000,standard,0,150000000,stream-1 · RX0,cap-20260823T120914-2fb2b61aab4b,0
0.0,0,False,1.0,150000000,standard,0,150000000,stream-1 · RX1,cap-20260823T120914-2fb2b61aab4b,0
0.0,0,False,1.0,150000000,standard,0,150000000,stream-0 · RX1,cap-20260823T120914-2fb2b61aab4b,0
0.0,0,False,1.0,150000000,standard,0,150000000,stream-0 · RX0,cap-20260823T120914-2fb2b61aab4b,0
0.0,0,False,1.0,150000000,standard,0,150000000,stream-0 · RX1,cap-20260823T121207-a425c08db278,0
0.0,0,False,1.0,150000000,standard,0,150000000,stream-1 · RX1,cap-20260823T121207-a425c08db278,0
0.0,0,False,1.0,150000000,standard,0,150000000,stream-1 · RX0,cap-20260823T121207-a425c08db278,0
0.0,0,False,1.0,150000000,standard,0,150000000,stream-0 · RX0,cap-20260823T121207-a425c08db278,0
0.0,0,False,1.0,150000000,standard,0,150000000,stream-0 · RX1,cap-20260823T121500-1549f8e17f0e,0
0.0,0,False,1.0,150000000,standard,0,150000000,stream-1 · RX1,cap-20260823T121500-1549f8e17f0e,0
0.0,0,False,1.0,150000000,standard,0,150000000,stream-0 · RX0,cap-20260823T121500-1549f8e17f0e,0
0.0,0,False,1.0,150000000,standard,0,150000000,stream-1 · RX0,cap-20260823T121500-1549f8e17f0e,0
0.0,0,False,1.0,150000000,standard,0,150000000,stream-0 · RX0,cap-20260823T121800-1b13c9a3deb5,0
0.0,0,False,1.0,150000000,standard,0,150000000,stream-0 · RX1,cap-20260823T121800-1b13c9a3deb5,0
0.0,0,False,1.0,150000000,standard,0,150000000,stream-1 · RX0,cap-20260823T121800-1b13c9a3deb5,0
0.0,0,False,1.0,150000000,standard,0,150000000,stream-1 · RX1,cap-20260823T121800-1b13c9a3deb5,0
0.0,0,False,1.0,150000000,standard,0,150000000,stream-1 · RX0,cap-20260823T122100-237b879c5bd8,0
0.0,0,False,1.0,150000000,standard,0,150000000,stream-0 · RX1,cap-20260823T122100-237b879c5bd8,0
0.0,0,False,1.0,150000000,standard,0,150000000,stream-0 · RX0,cap-20260823T122100-237b879c5bd8,0
0.0,0,False,1.0,150000000,standard,0,150000000,stream-1 · RX1,cap-20260823T122100-237b879c5bd8,0
0.0,0,False,1.0,150000000,standard,0,150000000,stream-1 · RX0,cap-20260823T122400-3e76e386934e,0
0.0,0,False,1.0,150000000,standard,0,150000000,stream-0 · RX1,cap-20260823T122400-3e76e386934e,0
0.0,0,False,1.0,150000000,standard,0,150000000,stream-0 · RX0,cap-20260823T122400-3e76e386934e,0
0.0,0,False,1.0,150000000,standard,0,150000000,stream-1 · RX1,cap-20260823T122400-3e76e386934e,0
0.0,0,False,1.0,150000000,standard,0,150000000,stream-0 · RX1,cap-20260823T122700-0f0409ec36c0,0
0.0,0,False,1.0,150000000,standard,0,150000000,stream-1 · RX1,cap-20260823T122700-0f0409ec36c0,0
0.0,0,False,1.0,150000000,standard,0,150000000,stream-0 · RX0,cap-20260823T122700-0f0409ec36c0,0
0.0,0,False,1.0,150000000,standard,0,150000000,stream-1 · RX0,cap-20260823T122700-0f0409ec36c0,0
0.0,0,False,1.0,150000000,standard,0,150000000,stream-1 · RX1,cap-20260823T123000-7d9bf279ce51,0
0.0,0,False,1.0,150000000,standard,0,150000000,stream-1 · RX0,cap-20260823T123000-7d9bf279ce51,0
0.0,0,False,1.0,150000000,standard,0,150000000,stream-0 · RX1,cap-20260823T123000-7d9bf279ce51,0
0.0,0,False,1.0,150000000,standard,0,150000000,stream-0 · RX0,cap-20260823T123000-7d9bf279ce51,0
0.0,0,False,1.0,150000000,standard,0,150000000,stream-0 · RX0,cap-20260823T123300-c314b8b8743a,0
0.0,0,False,1.0,150000000,standard,0,150000000,stream-1 · RX0,cap-20260823T123300-c314b8b8743a,0
0.0,0,False,1.0,150000000,standard,0,150000000,stream-1 · RX1,cap-20260823T123300-c314b8b8743a,0
0.0,0,False,1.0,150000000,standard,0,150000000,stream-0 · RX1,cap-20260823T123300-c314b8b8743a,0
0.0,0,False,1.0,150000000,standard,0,150000000,stream-0 · RX0,cap-20260823T123600-af912444ceca,0
0.0,0,False,1.0,150000000,standard,0,150000000,stream-0 · RX1,cap-20260823T123600-af912444ceca,0
0.0,0,False,1.0,150000000,standard,0,150000000,stream-1 · RX1,cap-20260823T123600-af912444ceca,0
0.0,0,False,1.0,150000000,standard,0,150000000,stream-1 · RX0,cap-20260823T123600-af912444ceca,0
0.0,0,False,1.0,150000000,standard,0,150000000,stream-0 · RX1,cap-20260823T123900-885a0a1407c0,0
0.0,0,False,1.0,150000000,standard,0,150000000,stream-1 · RX0,cap-20260823T123900-885a0a1407c0,0
0.0,0,False,1.0,150000000,standard,0,150000000,stream-0 · RX0,cap-20260823T123900-885a0a1407c0,0
0.0,0,False,1.0,150000000,standard,0,150000000,stream-1 · RX1,cap-20260823T123900-885a0a1407c0,0
0.0,0,False,1.0,150000000,standard,0,150000000,stream-1 · RX0,cap-20260823T124200-2d84faf9d282,0
0.0,0,False,1.0,150000000,standard,0,150000000,stream-1 · RX1,cap-20260823T124200-2d84faf9d282,0
0.0,0,False,1.0,150000000,standard,0,150000000,stream-0 · RX1,cap-20260823T124200-2d84faf9d282,0
0.0,0,False,1.0,150000000,standard,0,150000000,stream-0 · RX0,cap-20260823T124200-2d84faf9d282,0
0.0,0,False,1.0,150000000,standard,0,150000000,stream-0 · RX1,cap-20260823T124500-aeeb35522ab9,0
0.0,0,False,1.0,150000000,standard,0,150000000,stream-0 · RX0,cap-20260823T124500-aeeb35522ab9,0
0.0,0,False,1.0,150000000,standard,0,150000000,stream-1 · RX0,cap-20260823T124500-aeeb35522ab9,0
0.0,0,False,1.0,150000000,standard,0,150000000,stream-1 · RX1,cap-20260823T124500-aeeb35522ab9,0
0.0,0,False,1.0,150000000,standard,0,150000000,stream-0 · RX1,cap-20260823T124800-650468f8f57d,0
0.0,0,False,1.0,150000000,standard,0,150000000,stream-1 · RX0,cap-20260823T124800-650468f8f57d,0
0.0,0,False,1.0,150000000,standard,0,150000000,stream-0 · RX0,cap-20260823T124800-650468f8f57d,0
0.0,0,False,1.0,150000000,standard,0,150000000,stream-1 · RX1,cap-20260823T124800-650468f8f57d,0
0.0,0,False,1.0,150000000,standard,0,150000000,stream-1 · RX1,cap-20260823T125100-15f477ec3c2e,0
0.0,0,False,1.0,150000000,standard,0,150000000,stream-0 · RX0,cap-20260823T125100-15f477ec3c2e,0
0.0,0,False,1.0,150000000,standard,0,150000000,stream-0 · RX1,cap-20260823T125100-15f477ec3c2e,0
0.0,0,False,1.0,150000000,standard,0,150000000,stream-1 · RX0,cap-20260823T125100-15f477ec3c2e,0
0.0,0,False,1.0,150000000,standard,0,150000000,stream-0 · RX0,cap-20260823T130000-3b8996fa984b,0
0.0,0,False,1.0,150000000,standard,0,150000000,stream-0 · RX1,cap-20260823T130000-3b8996fa984b,0
0.0,0,False,1.0,150000000,standard,0,150000000,stream-1 · RX0,cap-20260823T130000-3b8996fa984b,0
0.0,0,False,1.0,150000000,standard,0,150000000,stream-1 · RX1,cap-20260823T130000-3b8996fa984b,0
0.0,0,False,1.0,150000000,standard,0,150000000,stream-0 · RX1,cap-20260823T131519-2504637dc8f8,0
0.0,0,False,1.0,150000000,standard,0,150000000,stream-0 · RX0,cap-20260823T131519-2504637dc8f8,0
0.0,0,False,1.0,150000000,standard,0,150000000,stream-1 · RX1,cap-20260823T131519-2504637dc8f8,0
0.0,0,False,1.0,150000000,standard,0,150000000,stream-1 · RX0,cap-20260823T131519-2504637dc8f8,0
0.0,0,False,1.0,150000000,standard,0,150000000,stream-1 · RX0,cap-20260823T131801-604f88d26a85,0
0.0,0,False,1.0,150000000,standard,0,150000000,stream-0 · RX1,cap-20260823T131801-604f88d26a85,0
0.0,0,False,1.0,150000000,standard,0,150000000,stream-1 · RX1,cap-20260823T131801-604f88d26a85,0
0.0,0,False,1.0,150000000,standard,0,150000000,stream-0 · RX0,cap-20260823T131801-604f88d26a85,0
0.0,0,False,1.0,150000000,standard,0,150000000,stream-1 · RX0,cap-20260823T132100-7e848cfd1394,0
0.0,0,False,1.0,150000000,standard,0,150000000,stream-0 · RX1,cap-20260823T132100-7e848cfd1394,0
0.0,0,False,1.0,150000000,standard,0,150000000,stream-0 · RX0,cap-20260823T132100-7e848cfd1394,0
0.0,0,False,1.0,150000000,standard,0,150000000,stream-1 · RX1,cap-20260823T132100-7e848cfd1394,0
0.0,0,False,1.0,150000000,standard,0,150000000,stream-0 · RX1,cap-20260823T132400-e36b1b963036,0
0.0,0,False,1.0,150000000,standard,0,150000000,stream-1 · RX0,cap-20260823T132400-e36b1b963036,0
0.0,0,False,1.0,150000000,standard,0,150000000,stream-1 · RX1,cap-20260823T132400-e36b1b963036,0
0.0,0,False,1.0,150000000,standard,0,150000000,stream-0 · RX0,cap-20260823T132400-e36b1b963036,0
0.0,0,False,1.0,150000000,standard,0,150000000,stream-1 · RX1,cap-20260823T132700-1f1a9f00d07d,0
0.0,0,False,1.0,150000000,standard,0,150000000,stream-0 · RX1,cap-20260823T132700-1f1a9f00d07d,0
0.0,0,False,1.0,150000000,standard,0,150000000,stream-0 · RX0,cap-20260823T132700-1f1a9f00d07d,0
0.0,0,False,1.0,150000000,standard,0,150000000,stream-1 · RX0,cap-20260823T132700-1f1a9f00d07d,0
0.0,0,False,1.0,150000000,standard,0,150000000,stream-1 · RX1,cap-20260823T133000-05e02094d704,0
0.0,0,False,1.0,150000000,standard,0,150000000,stream-0 · RX0,cap-20260823T133000-05e02094d704,0
0.0,0,False,1.0,150000000,standard,0,150000000,stream-1 · RX0,cap-20260823T133000-05e02094d704,0
0.0,0,False,1.0,150000000,standard,0,150000000,stream-0 · RX1,cap-20260823T133000-05e02094d704,0
0.0,0,False,1.0,150000000,standard,0,150000000,stream-1 · RX1,cap-20260823T133300-eb7033a60d1c,0
0.0,0,False,1.0,150000000,standard,0,150000000,stream-0 · RX0,cap-20260823T133300-eb7033a60d1c,0
0.0,0,False,1.0,150000000,standard,0,150000000,stream-0 · RX1,cap-20260823T133300-eb7033a60d1c,0
0.0,0,False,1.0,150000000,standard,0,150000000,stream-1 · RX0,cap-20260823T133300-eb7033a60d1c,0
0.0,0,False,1.0,150000000,standard,0,150000000,stream-1 · RX0,cap-20260823T133600-e6a64a20edaf,0
0.0,0,False,1.0,150000000,standard,0,150000000,stream-0 · RX0,cap-20260823T133600-e6a64a20edaf,0
0.0,0,False,1.0,150000000,standard,0,150000000,stream-1 · RX1,cap-20260823T133600-e6a64a20edaf,0
0.0,0,False,1.0,150000000,standard,0,150000000,stream-0 · RX1,cap-20260823T133600-e6a64a20edaf,0
0.0,0,False,1.0,150000000,standard,0,150000000,stream-0 · RX1,cap-20260823T133900-e9ac7614124b,0
0.0,0,False,1.0,150000000,standard,0,150000000,stream-1 · RX0,cap-20260823T133900-e9ac7614124b,0
0.0,0,False,1.0,150000000,standard,0,150000000,stream-1 · RX1,cap-20260823T133900-e9ac7614124b,0
0.0,0,False,1.0,150000000,standard,0,150000000,stream-0 · RX0,cap-20260823T133900-e9ac7614124b,0
0.0,0,False,1.0,150000000,standard,0,150000000,stream-1 · RX0,cap-20260823T134200-2d7cd9a08d04,0
0.0,0,False,1.0,150000000,standard,0,150000000,stream-1 · RX1,cap-20260823T134200-2d7cd9a08d04,0
0.0,0,False,1.0,150000000,standard,0,150000000,stream-0 · RX1,cap-20260823T134200-2d7cd9a08d04,0
0.0,0,False,1.0,150000000,standard,0,150000000,stream-0 · RX0,cap-20260823T134200-2d7cd9a08d04,0
0.0,0,False,1.0,150000000,standard,0,150000000,stream-1 · RX1,cap-20260823T134500-a3357e0a77fc,0
0.0,0,False,1.0,150000000,standard,0,150000000,stream-0 · RX0,cap-20260823T134500-a3357e0a77fc,0
0.0,0,False,1.0,150000000,standard,0,150000000,stream-0 · RX1,cap-20260823T134500-a3357e0a77fc,0
0.0,0,False,1.0,150000000,standard,0,150000000,stream-1 · RX0,cap-20260823T134500-a3357e0a77fc,0
0.0,0,False,1.0,150000000,standard,0,150000000,stream-1 · RX0,cap-20260823T134800-272180665c42,0
0.0,0,False,1.0,150000000,standard,0,150000000,stream-0 · RX1,cap-20260823T134800-272180665c42,0
0.0,0,False,1.0,150000000,standard,0,150000000,stream-1 · RX1,cap-20260823T134800-272180665c42,0
0.0,0,False,1.0,150000000,standard,0,150000000,stream-0 · RX0,cap-20260823T134800-272180665c42,0
0.0,0,False,1.0,150000000,standard,0,150000000,stream-1 · RX1,cap-20260823T135100-3e6a71233bab,0
0.0,0,False,1.0,150000000,standard,0,150000000,stream-1 · RX0,cap-20260823T135100-3e6a71233bab,0
0.0,0,False,1.0,150000000,standard,0,150000000,stream-0 · RX1,cap-20260823T135100-3e6a71233bab,0
0.0,0,False,1.0,150000000,standard,0,150000000,stream-0 · RX0,cap-20260823T135100-3e6a71233bab,0
0.0,0,False,1.0,150000000,standard,0,150000000,stream-1 · RX0,cap-20260823T135400-a8a9c0924e3e,0
0.0,0,False,1.0,150000000,standard,0,150000000,stream-0 · RX0,cap-20260823T135400-a8a9c0924e3e,0
0.0,0,False,1.0,150000000,standard,0,150000000,stream-1 · RX1,cap-20260823T135400-a8a9c0924e3e,0
0.0,0,False,1.0,150000000,standard,0,150000000,stream-0 · RX1,cap-20260823T135400-a8a9c0924e3e,0
0.0,0,False,1.0,150000000,standard,0,150000000,stream-1 · RX0,cap-20260823T135700-b35f5f92dc27,0
0.0,0,False,1.0,150000000,standard,0,150000000,stream-0 · RX1,cap-20260823T135700-b35f5f92dc27,0
0.0,0,False,1.0,150000000,standard,0,150000000,stream-0 · RX0,cap-20260823T135700-b35f5f92dc27,0
0.0,0,False,1.0,150000000,standard,0,150000000,stream-1 · RX1,cap-20260823T135700-b35f5f92dc27,0
0.0,0,False,1.0,150000000,standard,0,150000000,stream-0 · RX1,cap-20260823T140000-f8179c2eb538,0
0.0,0,False,1.0,150000000,standard,0,150000000,stream-0 · RX0,cap-20260823T140000-f8179c2eb538,0
0.0,0,False,1.0,150000000,standard,0,150000000,stream-1 · RX1,cap-20260823T140000-f8179c2eb538,0
0.0,0,False,1.0,150000000,standard,0,150000000,stream-1 · RX0,cap-20260823T140000-f8179c2eb538,0
0.0,0,False,1.0,150000000,standard,0,150000000,stream-0 · RX0,cap-20260823T140300-f1218cfb1c56,0
0.0,0,False,1.0,150000000,standard,0,150000000,stream-1 · RX0,cap-20260823T140300-f1218cfb1c56,0
0.0,0,False,1.0,150000000,standard,0,150000000,stream-0 · RX1,cap-20260823T140300-f1218cfb1c56,0
0.0,0,False,1.0,150000000,standard,0,150000000,stream-1 · RX1,cap-20260823T140300-f1218cfb1c56,0
0.0,0,False,1.0,150000000,standard,0,150000000,stream-0 · RX0,cap-20260823T140600-b6dc07ab06ad,0
0.0,0,False,1.0,150000000,standard,0,150000000,stream-1 · RX0,cap-20260823T140600-b6dc07ab06ad,0
0.0,0,False,1.0,150000000,standard,0,150000000,stream-0 · RX1,cap-20260823T140600-b6dc07ab06ad,0
0.0,0,False,1.0,150000000,standard,0,150000000,stream-1 · RX1,cap-20260823T140600-b6dc07ab06ad,0
0.0,0,False,1.0,150000000,standard,0,150000000,stream-0 · RX0,cap-20260823T140900-266ce4a2f30a,0
0.0,0,False,1.0,150000000,standard,0,150000000,stream-1 · RX0,cap-20260823T140900-266ce4a2f30a,0
0.0,0,False,1.0,150000000,standard,0,150000000,stream-1 · RX1,cap-20260823T140900-266ce4a2f30a,0
0.0,0,False,1.0,150000000,standard,0,150000000,stream-0 · RX1,cap-20260823T140900-266ce4a2f30a,0
0.0,0,False,1.0,150000000,standard,0,150000000,stream-0 · RX0,cap-20260823T141500-ac017465e83c,0
0.0,0,False,1.0,150000000,standard,0,150000000,stream-0 · RX1,cap-20260823T141500-ac017465e83c,0
0.0,0,False,1.0,150000000,standard,0,150000000,stream-1 · RX1,cap-20260823T141500-ac017465e83c,0
0.0,0,False,1.0,150000000,standard,0,150000000,stream-1 · RX0,cap-20260823T141500-ac017465e83c,0
0.0,0,False,1.0,150000000,standard,0,150000000,stream-0 · RX0,cap-20260823T141800-aa205612e770,0
0.0,0,False,1.0,150000000,standard,0,150000000,stream-1 · RX0,cap-20260823T141800-aa205612e770,0
0.0,0,False,1.0,150000000,standard,0,150000000,stream-0 · RX1,cap-20260823T141800-aa205612e770,0
0.0,0,False,1.0,150000000,standard,0,150000000,stream-1 · RX1,cap-20260823T141800-aa205612e770,0
0.0,0,False,1.0,150000000,standard,0,150000000,stream-1 · RX1,cap-20260823T142100-bacbdc89f3c3,0
0.0,0,False,1.0,150000000,standard,0,150000000,stream-0 · RX0,cap-20260823T142100-bacbdc89f3c3,0
0.0,0,False,1.0,150000000,standard,0,150000000,stream-0 · RX1,cap-20260823T142100-bacbdc89f3c3,0
0.0,0,False,1.0,150000000,standard,0,150000000,stream-1 · RX0,cap-20260823T142100-bacbdc89f3c3,0
0.0,0,False,1.0,150000000,standard,0,150000000,stream-1 · RX1,cap-20260823T142708-56f9d9ac6f05,0
0.0,0,False,1.0,150000000,standard,0,150000000,stream-0 · RX1,cap-20260823T142708-56f9d9ac6f05,0
0.0,0,False,1.0,150000000,standard,0,150000000,stream-0 · RX0,cap-20260823T142708-56f9d9ac6f05,0
0.0,0,False,1.0,150000000,standard,0,150000000,stream-1 · RX0,cap-20260823T142708-56f9d9ac6f05,0
0.0,0,False,1.0,150000000,standard,0,150000000,stream-1 · RX1,cap-20260823T143000-74f7ae0e8079,0
0.0,0,False,1.0,150000000,standard,0,150000000,stream-0 · RX1,cap-20260823T143000-74f7ae0e8079,0
0.0,0,False,1.0,150000000,standard,0,150000000,stream-1 · RX0,cap-20260823T143000-74f7ae0e8079,0
0.0,0,False,1.0,150000000,standard,0,150000000,stream-0 · RX0,cap-20260823T143000-74f7ae0e8079,0
0.0,0,False,1.0,150000000,standard,0,150000000,stream-0 · RX0,cap-20260823T143300-1cad4e6bcd63,0
0.0,0,False,1.0,150000000,standard,0,150000000,stream-0 · RX1,cap-20260823T143300-1cad4e6bcd63,0
0.0,0,False,1.0,150000000,standard,0,150000000,stream-1 · RX1,cap-20260823T143300-1cad4e6bcd63,0
0.0,0,False,1.0,150000000,standard,0,150000000,stream-1 · RX0,cap-20260823T143300-1cad4e6bcd63,0
0.0,0,False,1.0,150000000,standard,0,150000000,stream-0 · RX1,cap-20260823T143600-d224768d8147,0
0.0,0,False,1.0,150000000,standard,0,150000000,stream-1 · RX1,cap-20260823T143600-d224768d8147,0
0.0,0,False,1.0,150000000,standard,0,150000000,stream-0 · RX0,cap-20260823T143600-d224768d8147,0
0.0,0,False,1.0,150000000,standard,0,150000000,stream-1 · RX0,cap-20260823T143600-d224768d8147,0
0.0,0,False,1.0,150000000,standard,0,150000000,stream-0 · RX1,cap-20260823T143900-d6099c9727ca,0
0.0,0,False,1.0,150000000,standard,0,150000000,stream-1 · RX0,cap-20260823T143900-d6099c9727ca,0
0.0,0,False,1.0,150000000,standard,0,150000000,stream-1 · RX1,cap-20260823T143900-d6099c9727ca,0
0.0,0,False,1.0,150000000,standard,0,150000000,stream-0 · RX0,cap-20260823T143900-d6099c9727ca,0
0.0,0,False,1.0,150000000,standard,0,150000000,stream-0 · RX1,cap-20260823T144200-34e2144863ce,0
0.0,0,False,1.0,150000000,standard,0,150000000,stream-1 · RX0,cap-20260823T144200-34e2144863ce,0
0.0,0,False,1.0,150000000,standard,0,150000000,stream-0 · RX0,cap-20260823T144200-34e2144863ce,0
0.0,0,False,1.0,150000000,standard,0,150000000,stream-1 · RX1,cap-20260823T144200-34e2144863ce,0
0.0,0,False,1.0,150000000,standard,0,150000000,stream-1 · RX0,cap-20260823T144500-8ab6144d67ce,0
0.0,0,False,1.0,150000000,standard,0,150000000,stream-1 · RX1,cap-20260823T144500-8ab6144d67ce,0
0.0,0,False,1.0,150000000,standard,0,150000000,stream-0 · RX1,cap-20260823T144500-8ab6144d67ce,0
0.0,0,False,1.0,150000000,standard,0,150000000,stream-0 · RX0,cap-20260823T144500-8ab6144d67ce,0
0.0,0,False,1.0,150000000,standard,0,150000000,stream-1 · RX0,cap-20260823T144800-4d84f9f58732,0
0.0,0,False,1.0,150000000,standard,0,150000000,stream-1 · RX1,cap-20260823T144800-4d84f9f58732,0
0.0,0,False,1.0,150000000,standard,0,150000000,stream-0 · RX1,cap-20260823T144800-4d84f9f58732,0
0.0,0,False,1.0,150000000,standard,0,150000000,stream-0 · RX0,cap-20260823T144800-4d84f9f58732,0
0.0,0,False,1.0,150000000,standard,0,150000000,stream-1 · RX0,cap-20260823T145100-9845f0b85950,0
0.0,0,False,1.0,150000000,standard,0,150000000,stream-0 · RX0,cap-20260823T145100-9845f0b85950,0
0.0,0,False,1.0,150000000,standard,0,150000000,stream-1 · RX1,cap-20260823T145100-9845f0b85950,0
0.0,0,False,1.0,150000000,standard,0,150000000,stream-0 · RX1,cap-20260823T145100-9845f0b85950,0
0.0,0,False,1.0,150000000,standard,0,150000000,stream-0 · RX1,cap-20260823T145400-e198c8bbd577,0
0.0,0,False,1.0,150000000,standard,0,150000000,stream-1 · RX0,cap-20260823T145400-e198c8bbd577,0
0.0,0,False,1.0,150000000,standard,0,150000000,stream-1 · RX1,cap-20260823T145400-e198c8bbd577,0
0.0,0,False,1.0,150000000,standard,0,150000000,stream-0 · RX0,cap-20260823T145400-e198c8bbd577,0
0.0,0,False,1.0,150000000,standard,0,150000000,stream-1 · RX0,cap-20260823T145700-fca14cfe68e6,0
0.0,0,False,1.0,150000000,standard,0,150000000,stream-0 · RX0,cap-20260823T145700-fca14cfe68e6,0
0.0,0,False,1.0,150000000,standard,0,150000000,stream-0 · RX1,cap-20260823T145700-fca14cfe68e6,0
0.0,0,False,1.0,150000000,standard,0,150000000,stream-1 · RX1,cap-20260823T145700-fca14cfe68e6,0
0.0,0,False,1.0,150000000,standard,0,150000000,stream-0 · RX1,cap-20260823T150000-081192b64713,0
0.0,0,False,1.0,150000000,standard,0,150000000,stream-1 · RX0,cap-20260823T150000-081192b64713,0
0.0,0,False,1.0,150000000,standard,0,150000000,stream-0 · RX0,cap-20260823T150000-081192b64713,0
0.0,0,False,1.0,150000000,standard,0,150000000,stream-1 · RX1,cap-20260823T150000-081192b64713,0
0.0,0,False,1.0,150000000,research,0,150000000,stream-1 · RX0,cap-20260823T082400-4636467359eb,0
0.0,0,False,1.0,150000000,research,0,150000000,stream-0 · RX1,cap-20260823T082400-4636467359eb,0
0.0,0,False,1.0,150000000,research,0,150000000,stream-1 · RX1,cap-20260823T082400-4636467359eb,0
0.0,0,False,1.0,150000000,research,0,150000000,stream-0 · RX0,cap-20260823T082400-4636467359eb,0
0.0,0,False,1.0,150000000,research,0,150000000,stream-0 · RX0,cap-20260823T084200-fd7c39cd87a8,0
0.0,0,False,1.0,150000000,research,0,150000000,stream-0 · RX1,cap-20260823T084200-fd7c39cd87a8,0
0.0,0,False,1.0,150000000,research,0,150000000,stream-1 · RX1,cap-20260823T084200-fd7c39cd87a8,0
0.0,0,False,1.0,150000000,research,0,150000000,stream-1 · RX0,cap-20260823T084200-fd7c39cd87a8,0
0.0,0,False,1.0,150000000,research,0,150000000,stream-0 · RX1,cap-20260823T093600-72ace7bf37ea,0
0.0,0,False,1.0,150000000,research,0,150000000,stream-0 · RX0,cap-20260823T093600-72ace7bf37ea,0
0.0,0,False,1.0,150000000,research,0,150000000,stream-1 · RX1,cap-20260823T093600-72ace7bf37ea,0
0.0,0,False,1.0,150000000,research,0,150000000,stream-1 · RX0,cap-20260823T093600-72ace7bf37ea,0
0.0,0,False,1.0,150000000,research,0,150000000,stream-1 · RX1,cap-20260823T100618-ebdd7c1ebdac,0
0.0,0,False,1.0,150000000,research,0,150000000,stream-1 · RX0,cap-20260823T100618-ebdd7c1ebdac,0
0.0,0,False,1.0,150000000,research,0,150000000,stream-0 · RX0,cap-20260823T100618-ebdd7c1ebdac,0
0.0,0,False,1.0,150000000,research,0,150000000,stream-0 · RX1,cap-20260823T100618-ebdd7c1ebdac,0
0.0,0,False,1.0,150000000,research,0,150000000,stream-0 · RX0,cap-20260823T105100-d8b8323460c7,0
0.0,0,False,1.0,150000000,research,0,150000000,stream-1 · RX1,cap-20260823T105100-d8b8323460c7,0
0.0,0,False,1.0,150000000,research,0,150000000,stream-0 · RX1,cap-20260823T105100-d8b8323460c7,0
0.0,0,False,1.0,150000000,research,0,150000000,stream-1 · RX0,cap-20260823T105100-d8b8323460c7,0
0.0,0,False,1.0,150000000,research,0,150000000,stream-1 · RX1,cap-20260823T115405-ae0cea9fadb2,0
0.0,0,False,1.0,150000000,research,0,150000000,stream-1 · RX0,cap-20260823T115405-ae0cea9fadb2,0
0.0,0,False,1.0,150000000,research,0,150000000,stream-0 · RX0,cap-20260823T115405-ae0cea9fadb2,0
0.0,0,False,1.0,150000000,research,0,150000000,stream-0 · RX1,cap-20260823T115405-ae0cea9fadb2,0
0.0,0,False,1.0,150000000,research,0,150000000,stream-0 · RX1,cap-20260823T125400-975e98759977,0
0.0,0,False,1.0,150000000,research,0,150000000,stream-1 · RX0,cap-20260823T125400-975e98759977,0
0.0,0,False,1.0,150000000,research,0,150000000,stream-0 · RX0,cap-20260823T125400-975e98759977,0
0.0,0,False,1.0,150000000,research,0,150000000,stream-1 · RX1,cap-20260823T125400-975e98759977,0
0.0,0,False,1.0,150000000,research,0,150000000,stream-0 · RX1,cap-20260823T125700-7830b09846c7,0
0.0,0,False,1.0,150000000,research,0,150000000,stream-0 · RX0,cap-20260823T125700-7830b09846c7,0
0.0,0,False,1.0,150000000,research,0,150000000,stream-1 · RX1,cap-20260823T125700-7830b09846c7,0
0.0,0,False,1.0,150000000,research,0,150000000,stream-1 · RX0,cap-20260823T125700-7830b09846c7,0
0.0,0,False,1.0,150000000,research,0,150000000,stream-1 · RX0,cap-20260823T141200-d70ee72e89f1,0
0.0,0,False,1.0,150000000,research,0,150000000,stream-1 · RX1,cap-20260823T141200-d70ee72e89f1,0
0.0,0,False,1.0,150000000,research,0,150000000,stream-0 · RX1,cap-20260823T141200-d70ee72e89f1,0
0.0,0,False,1.0,150000000,research,0,150000000,stream-0 · RX0,cap-20260823T141200-d70ee72e89f1,0
0.0,0,False,1.0,150000000,research,0,150000000,stream-1 · RX1,cap-20260823T150300-92ac23cd745f,0
0.0,0,False,1.0,150000000,research,0,150000000,stream-0 · RX1,cap-20260823T150300-92ac23cd745f,0
0.0,0,False,1.0,150000000,research,0,150000000,stream-1 · RX0,cap-20260823T150300-92ac23cd745f,0
0.0,0,False,1.0,150000000,research,0,150000000,stream-0 · RX0,cap-20260823T150300-92ac23cd745f,0
