0.000000
32.864998
396.350150
429.815132
456.974982
801.685146
833.824907
856.402149
1201.356423
1232.507758
1258.163060
1595.485758
1629.159412
1659.857896
1995.282013
2024.525726
2053.189730
2400.479009
2432.444247
2456.178157
2795.711307
2824.469391
2853.133054
3195.823611
3228.395111
3259.809779
3595.636903
3626.761434
3655.330978
3996.724360
4030.500260
4054.465412
4395.933233
4425.511311
4454.875438
4795.686891
4825.283412
4855.371470
5196.429493
5226.128407
5256.291249
5596.623682
5626.599214
5656.518481
5996.780141
6026.106846
6057.348862
6396.709577
6426.978736
6460.216040
6795.957769
6825.622455
6859.670987
7195.708056
7225.656661
7260.124042
7596.536945
7625.533799
7656.268295
7996.591002
8026.054725
8056.172433
8396.092852
8426.121563
8456.528648
8796.020532
8825.872143
8855.264637
9196.005446
9224.723015
9595.750665
9625.274061
9655.335970
9690.896924
9995.911646
10025.937019
10396.397623
10428.840953
10459.420656
10796.159403
10826.177514
10855.110310
11195.487368
11225.386148
11255.295854
11285.087814
11596.309597
11625.455201
11996.847603
12025.818679
12054.544889
12398.109753
12426.509884
12457.131812
12796.809877
12826.176681
12859.227723
13195.924703
13226.029841
13259.508565
13595.957914
13625.545663
13659.715603
13995.525582
14025.623941
14061.279004
14396.006313
14426.247073
14454.826379
14796.345892
14826.021469
14860.087842
15196.271154
15225.879065
15255.611221
15595.526776
15624.840367
15655.315538
15997.832554
16025.563167
16055.017365
16396.876875
16425.644177
16456.351845
16795.887400
16838.616544
16862.802071
17195.952665
17225.827550
17595.568299
17628.697521
17657.476818
17997.423431
18026.927886
18055.322138
18396.285224
18426.697253
18459.673228
18795.499377
18825.113148
18854.938760
19195.393558
19225.228604
19255.082947
19596.071540
19625.010100
19654.656866
19996.050979
20025.814050
20059.422980
20395.540214
20425.393008
20455.268661
20799.641627
20829.896371
20859.952181
21195.789631
21226.244281
21255.002906
21596.756291
21625.966073
21656.300403
21995.920197
22025.513210
22055.765735
22398.432313
22427.795302
22457.306193
22796.333679
22828.589063
23196.197856
23225.439981
23255.922459
23597.113151
23631.274334
23656.225732
23995.228970
24025.283040
24054.983610
24396.210512
24425.980879
24455.567706
24796.946316
24826.761547
24862.585871
25195.864862
25225.544198
25257.270091
25595.950238
25626.001580
25656.217393
25995.815542
26025.523691
26055.279546
26396.596240
26425.770660
26455.865568
26795.847066
26824.956439
27196.577713
27233.458081
27272.585374
27595.957487
27625.893991
27655.689171
27995.492824
28025.738398
28055.474656
28085.002918
28397.166471
28426.225552
28796.780294
28826.097978
28855.516472
29195.860644
29225.549376
29255.606253
29595.924325
29625.624104
29657.555900
29995.994151
30025.655235
30055.395502
30396.311404
30425.750653
30454.488521
30796.083343
30825.432652
30854.975549
31196.382100
31226.317394
31255.738227
31595.880437
31625.815535
31655.789021
31997.049057
32026.285775
32060.778183
32396.542266
32426.369236
32456.164975
32796.190869
32825.148503
32859.158966
33195.979225
33225.685422
33255.559456
33596.232248
33625.868279
33657.936978
33996.516936
34025.860863
34396.299870
34425.829317
34455.616231
34796.259440
34830.211023
34861.605319
35196.141781
35229.519310
35258.351449
35595.607287
35625.145337
35656.414019
35996.002815
36024.917267
36055.205617
36397.065670
36426.533093
36455.732900
36796.652454
36825.749567
36855.870424
37195.846420
37226.154955
37255.277756
37596.602555
37625.725654
37655.381055
37996.051188
38025.456641
38055.746355
38395.591157
38425.310490
38455.918705
38796.290672
38826.093082
38856.231276
39196.282977
39226.102818
39255.740630
39596.241502
39626.349057
39655.145480
39995.990734
40025.639421
40135.870443
40408.844774
40441.487618
40465.009072
40799.148319
40827.946034
40857.725131
41197.071324
41227.090650
41596.559805
41627.610200
41656.498095
41996.613465
42026.935638
42055.719908
42395.977396
42425.412696
42455.813274
42795.777385
42825.665564
42854.925143
43196.059647
43224.947011
43254.343222
43596.841565
43626.742765
43657.440092
43999.075522
44028.981592
44058.358237
44395.915745
44426.104198
44455.874916
44796.923391
