plan 30000000 1040005e0b100007100010000bf33a5d4d 1190312500 1440312500 1536 2 60000000000
snapshot GLT1SNAP 00010000 474c5431 00000005 00000000 c550071c 00000003 00000002 00000000 00000000 00000000 00000000 00000000 00000000 00000000 00000000 00000000 00000000 00000000 00000000 00000000 00529918 01c9c380 00009ab0 b04a2fab 00000001
visit before_tune 0 0 1190312500 30000000 0 16195258140 1 1
snapshot GLT1SNAP 00010000 474c5431 00000006 00000000 c55cee7c 00000003 00000002 00000000 00000000 00000000 00000000 00000000 00000000 00000000 00000000 00000000 00000000 00000000 00000000 00000000 00529918 01c9c380 00009ab0 b04a2fab 00000001
snapshot GLT1SNAP 00010000 474c5431 00000007 00000000 c575c197 00000003 00000002 00000000 00000000 00000000 00000000 00000000 00000000 00000000 00000000 00000000 00000000 00000000 00000000 00000000 00529918 01c9c380 00009ab0 b04a2fab 00000001
visit tuned 0 0 1190312500 30000000 0 16197730711 1 1
snapshot GLT1SNAP 00010000 474c5431 0000000d 00000001 d79aad07 00000003 00000002 00000000 00000000 00000000 00000000 00000000 00000000 00000000 00000000 00000000 00000000 00000000 00000000 00000000 00000000 01c9c380 00009ab0 b04a2fab 00000001
visit after_run 0 0 1190312500 30000000 1 16502140167 1 1
snapshot GLT1SNAP 00010000 474c5431 0000000e 00000001 d7a79537 00000003 00000002 00000000 00000000 00000000 00000000 00000000 00000000 00000000 00000000 00000000 00000000 00000000 00000000 00000000 00000000 01c9c380 00009ab0 b04a2fab 00000001
visit before_tune 1 0 1190312500 30000000 1 16502986039 1 1
snapshot GLT1SNAP 00010000 474c5431 0000000f 00000001 d7b46687 00000003 00000002 00000000 00000000 00000000 00000000 00000000 00000000 00000000 00000000 00000000 00000000 00000000 00000000 00000000 00000000 01c9c380 00009ab0 b04a2fab 00000001
snapshot GLT1SNAP 00010000 474c5431 00000010 00000001 d7d5fa8b 00000003 00000002 00000000 00000000 00000000 00000000 00000000 00000000 00000000 00000000 00000000 00000000 00000000 00000000 00000000 00000000 01c9c380 00009ab0 b04a2fab 00000001
visit tuned 1 0 1440312500 30000000 1 16506026635 1 1
snapshot GLT1SNAP 00010000 474c5431 00000016 00000002 e9faa993 00000003 00000002 00000000 00000000 00000000 00000000 00000000 00000000 00000000 00000000 00000000 00000000 00000000 00000000 00000000 00000000 01c9c380 00009ab0 b04a2fab 00000001
visit after_run 1 0 1440312500 30000000 2 16810420627 1 1
terminal 0
