plan 60000000 1040005e0b100007100010000bf33a5d4d 1190312500 1440312500 1690312500 1940312500 1536-selected 4 60000000000
snapshot GLT1SNAP 00010000 474c5431 0000001e 00000003 6749f817 00000006 00000002 00000000 00000000 00000000 00000000 00000000 00000000 00000000 00000000 00000000 00000000 00000000 00000000 00000000 00000000 03938700 00013560 b04a2fab 00000001
visit before_tune 0 0 1190312500 60000000 3 27502704663 1 1
snapshot GLT1SNAP 00010000 474c5431 0000001f 00000003 6763f80b 00000006 00000002 00000000 00000000 00000000 00000000 00000000 00000000 00000000 00000000 00000000 00000000 00000000 00000000 00000000 00000000 03938700 00013560 b04a2fab 00000001
snapshot GLT1SNAP 00010000 474c5431 00000020 00000003 6796092b 00000006 00000002 00000000 00000000 00000000 00000000 00000000 00000000 00000000 00000000 00000000 00000000 00000000 00000000 00000000 00000000 03938700 00013560 b04a2fab 00000001
visit tuned 0 0 1190312500 60000000 3 27507689771 1 1
snapshot GLT1SNAP 00010000 474c5431 00000026 00000004 80d4904e 00000006 00000002 00000000 00000000 00000000 00000000 00000000 00000000 00000000 00000000 00000000 00000000 00000000 00000000 00000000 00000000 03938700 00013560 b04a2fab 00000001
visit after_run 0 0 1190312500 60000000 4 27931217998 1 1
snapshot GLT1SNAP 00010000 474c5431 00000027 00000004 80ee9182 00000006 00000002 00000000 00000000 00000000 00000000 00000000 00000000 00000000 00000000 00000000 00000000 00000000 00000000 00000000 00000000 03938700 00013560 b04a2fab 00000001
visit before_tune 1 0 1190312500 60000000 4 27932922242 1 1
snapshot GLT1SNAP 00010000 474c5431 00000028 00000004 8108752f 00000006 00000002 00000000 00000000 00000000 00000000 00000000 00000000 00000000 00000000 00000000 00000000 00000000 00000000 00000000 00000000 03938700 00013560 b04a2fab 00000001
snapshot GLT1SNAP 00010000 474c5431 00000029 00000004 814c029f 00000006 00000002 00000000 00000000 00000000 00000000 00000000 00000000 00000000 00000000 00000000 00000000 00000000 00000000 00000000 00000000 03938700 00013560 b04a2fab 00000001
visit tuned 1 0 1440312500 60000000 4 27939046047 1 1
snapshot GLT1SNAP 00010000 474c5431 0000002f 00000005 9a856f5d 00000006 00000002 00000000 00000000 00000000 00000000 00000000 00000000 00000000 00000000 00000000 00000000 00000000 00000000 00000000 00000000 03938700 00013560 b04a2fab 00000001
visit after_run 1 0 1440312500 60000000 5 28362239837 1 1
snapshot GLT1SNAP 00010000 474c5431 00000030 00000005 9a9f47b1 00000006 00000002 00000000 00000000 00000000 00000000 00000000 00000000 00000000 00000000 00000000 00000000 00000000 00000000 00000000 00000000 03938700 00013560 b04a2fab 00000001
visit before_tune 2 0 1440312500 60000000 5 28363933617 1 1
snapshot GLT1SNAP 00010000 474c5431 00000031 00000005 9ab929fa 00000006 00000002 00000000 00000000 00000000 00000000 00000000 00000000 00000000 00000000 00000000 00000000 00000000 00000000 00000000 00000000 03938700 00013560 b04a2fab 00000001
snapshot GLT1SNAP 00010000 474c5431 00000032 00000005 9aebf357 00000006 00000002 00000000 00000000 00000000 00000000 00000000 00000000 00000000 00000000 00000000 00000000 00000000 00000000 00000000 00000000 03938700 00013560 b04a2fab 00000001
visit tuned 2 0 1690312498 60000000 5 28368958295 1 1
snapshot GLT1SNAP 00010000 474c5431 00000038 00000006 b49c4727 00000006 00000002 00000000 00000000 00000000 00000000 00000000 00000000 00000000 00000000 00000000 00000000 00000000 00000000 00000000 00000000 03938700 00013560 b04a2fab 00000001
visit after_run 2 0 1690312498 60000000 6 28799944487 1 1
snapshot GLT1SNAP 00010000 474c5431 00000039 00000006 b4b5bd69 00000006 00000002 00000000 00000000 00000000 00000000 00000000 00000000 00000000 00000000 00000000 00000000 00000000 00000000 00000000 00000000 03938700 00013560 b04a2fab 00000001
visit before_tune 3 0 1690312498 60000000 6 28801613161 1 1
snapshot GLT1SNAP 00010000 474c5431 0000003a 00000006 b4cf06e4 00000006 00000002 00000000 00000000 00000000 00000000 00000000 00000000 00000000 00000000 00000000 00000000 00000000 00000000 00000000 00000000 03938700 00013560 b04a2fab 00000001
snapshot GLT1SNAP 00010000 474c5431 0000003b 00000006 b500dec1 00000006 00000002 00000000 00000000 00000000 00000000 00000000 00000000 00000000 00000000 00000000 00000000 00000000 00000000 00000000 00000000 03938700 00013560 b04a2fab 00000001
visit tuned 3 0 1940312500 60000000 6 28806536897 1 1
snapshot GLT1SNAP 00010000 474c5431 00000041 00000007 cf844b96 00000006 00000002 00000000 00000000 00000000 00000000 00000000 00000000 00000000 00000000 00000000 00000000 00000000 00000000 00000000 00000000 03938700 00013560 b04a2fab 00000001
visit after_run 3 0 1940312500 60000000 7 29251357590 1 1
terminal 0
