plan 60000000 1040005e0b100007100010000bf33a5d4d 1690312500 1940312500 1690312500 1536-selected 3 60000000000
snapshot GLT1SNAP 00010000 474c5431 00000002 00000000 67071433 00000000 00000002 00000000 00000000 00000000 00000000 00000000 00000000 00000000 00000000 00000000 00000000 00000000 00000000 00000000 00000000 03938700 00013560 b04a2fab 00000001
visit before_tune 0 0 1690312498 60000000 0 1728517171 1 1
snapshot GLT1SNAP 00010000 474c5431 00000003 00000000 672124a8 00000000 00000002 00000000 00000000 00000000 00000000 00000000 00000000 00000000 00000000 00000000 00000000 00000000 00000000 00000000 00000000 03938700 00013560 b04a2fab 00000001
snapshot GLT1SNAP 00010000 474c5431 00000004 00000000 6753dc56 00000000 00000002 00000000 00000000 00000000 00000000 00000000 00000000 00000000 00000000 00000000 00000000 00000000 00000000 00000000 00000000 03938700 00013560 b04a2fab 00000001
visit tuned 0 0 1690312498 60000000 0 1733549142 1 1
snapshot GLT1SNAP 00010000 474c5431 0000000a 00000001 80ab2d8b 00000000 00000002 00000000 00000000 00000000 00000000 00000000 00000000 00000000 00000000 00000000 00000000 00000000 00000000 00000000 00000000 03938700 00013560 b04a2fab 00000001
visit after_run 0 0 1690312498 60000000 1 2158701963 1 1
snapshot GLT1SNAP 00010000 474c5431 0000000b 00000001 80c522e7 00000000 00000002 00000000 00000000 00000000 00000000 00000000 00000000 00000000 00000000 00000000 00000000 00000000 00000000 00000000 00000000 03938700 00013560 b04a2fab 00000001
visit before_tune 1 0 1690312498 60000000 1 2160403175 1 1
snapshot GLT1SNAP 00010000 474c5431 0000000c 00000001 80def62b 00000000 00000002 00000000 00000000 00000000 00000000 00000000 00000000 00000000 00000000 00000000 00000000 00000000 00000000 00000000 00000000 03938700 00013560 b04a2fab 00000001
snapshot GLT1SNAP 00010000 474c5431 0000000d 00000001 81117ee7 00000000 00000002 00000000 00000000 00000000 00000000 00000000 00000000 00000000 00000000 00000000 00000000 00000000 00000000 00000000 00000000 03938700 00013560 b04a2fab 00000001
visit tuned 1 0 1940312500 60000000 1 2165407463 1 1
snapshot GLT1SNAP 00010000 474c5431 00000013 00000002 9a92639a 00000000 00000002 00000000 00000000 00000000 00000000 00000000 00000000 00000000 00000000 00000000 00000000 00000000 00000000 00000000 00000000 03938700 00013560 b04a2fab 00000001
visit after_run 1 0 1940312500 60000000 2 2593285018 1 1
snapshot GLT1SNAP 00010000 474c5431 00000014 00000002 9aab9744 00000000 00000002 00000000 00000000 00000000 00000000 00000000 00000000 00000000 00000000 00000000 00000000 00000000 00000000 00000000 00000000 03938700 00013560 b04a2fab 00000001
visit before_tune 2 0 1940312500 60000000 2 2594936644 1 1
snapshot GLT1SNAP 00010000 474c5431 00000015 00000002 9ac4d9e4 00000000 00000002 00000000 00000000 00000000 00000000 00000000 00000000 00000000 00000000 00000000 00000000 00000000 00000000 00000000 00000000 03938700 00013560 b04a2fab 00000001
snapshot GLT1SNAP 00010000 474c5431 00000016 00000002 9af64d82 00000000 00000002 00000000 00000000 00000000 00000000 00000000 00000000 00000000 00000000 00000000 00000000 00000000 00000000 00000000 00000000 03938700 00013560 b04a2fab 00000001
visit tuned 2 0 1690312498 60000000 2 2599832962 1 1
snapshot GLT1SNAP 00010000 474c5431 0000001c 00000003 b4176c68 00000000 00000002 00000000 00000000 00000000 00000000 00000000 00000000 00000000 00000000 00000000 00000000 00000000 00000000 00000000 00000000 03938700 00013560 b04a2fab 00000001
visit after_run 2 0 1690312498 60000000 3 3021433960 1 1
terminal 0
