plan 30000000 1040005e0b100007100010000bf33a5d4d 1690312500 1940312500 1690312500 1536-selected 3 60000000000
snapshot GLT1SNAP 00010000 474c5431 0000002b 00000004 d96c727b 00000018 00000002 00000000 00000000 00000000 00000000 00000000 00000000 00000000 00000000 00000000 00000000 00000000 00000000 00000000 00000000 01c9c380 00009ab0 b04a2fab 00000001
visit before_tune 0 0 1690312498 30000000 4 106726978171 1 1
snapshot GLT1SNAP 00010000 474c5431 0000002c 00000004 d9797ad8 00000018 00000002 00000000 00000000 00000000 00000000 00000000 00000000 00000000 00000000 00000000 00000000 00000000 00000000 00000000 00000000 01c9c380 00009ab0 b04a2fab 00000001
snapshot GLT1SNAP 00010000 474c5431 0000002d 00000004 d992d669 00000018 00000002 00000000 00000000 00000000 00000000 00000000 00000000 00000000 00000000 00000000 00000000 00000000 00000000 00000000 00000000 01c9c380 00009ab0 b04a2fab 00000001
visit tuned 0 0 1690312498 30000000 4 106729494121 1 1
snapshot GLT1SNAP 00010000 474c5431 00000033 00000005 e623705f 00000018 00000002 00000000 00000000 00000000 00000000 00000000 00000000 00000000 00000000 00000000 00000000 00000000 00000000 00000000 00000000 01c9c380 00009ab0 b04a2fab 00000001
visit after_run 0 0 1690312498 30000000 5 106940297311 1 1
snapshot GLT1SNAP 00010000 474c5431 00000034 00000005 e630605c 00000018 00000002 00000000 00000000 00000000 00000000 00000000 00000000 00000000 00000000 00000000 00000000 00000000 00000000 00000000 00000000 01c9c380 00009ab0 b04a2fab 00000001
visit before_tune 1 0 1690312498 30000000 5 106941145180 1 1
snapshot GLT1SNAP 00010000 474c5431 00000035 00000005 e63d410e 00000018 00000002 00000000 00000000 00000000 00000000 00000000 00000000 00000000 00000000 00000000 00000000 00000000 00000000 00000000 00000000 01c9c380 00009ab0 b04a2fab 00000001
snapshot GLT1SNAP 00010000 474c5431 00000036 00000005 e6570b16 00000018 00000002 00000000 00000000 00000000 00000000 00000000 00000000 00000000 00000000 00000000 00000000 00000000 00000000 00000000 00000000 01c9c380 00009ab0 b04a2fab 00000001
visit tuned 1 0 1940312500 30000000 5 106943679254 1 1
snapshot GLT1SNAP 00010000 474c5431 0000003c 00000006 f2ed88fc 00000018 00000002 00000000 00000000 00000000 00000000 00000000 00000000 00000000 00000000 00000000 00000000 00000000 00000000 00000000 00000000 01c9c380 00009ab0 b04a2fab 00000001
visit after_run 1 0 1940312500 30000000 6 107154868476 1 1
snapshot GLT1SNAP 00010000 474c5431 0000003d 00000006 f2fa73d5 00000018 00000002 00000000 00000000 00000000 00000000 00000000 00000000 00000000 00000000 00000000 00000000 00000000 00000000 00000000 00000000 01c9c380 00009ab0 b04a2fab 00000001
visit before_tune 2 0 1940312500 30000000 6 107155715029 1 1
snapshot GLT1SNAP 00010000 474c5431 0000003e 00000006 f308197a 00000018 00000002 00000000 00000000 00000000 00000000 00000000 00000000 00000000 00000000 00000000 00000000 00000000 00000000 00000000 00000000 01c9c380 00009ab0 b04a2fab 00000001
snapshot GLT1SNAP 00010000 474c5431 0000003f 00000006 f3217b06 00000018 00000002 00000000 00000000 00000000 00000000 00000000 00000000 00000000 00000000 00000000 00000000 00000000 00000000 00000000 00000000 01c9c380 00009ab0 b04a2fab 00000001
visit tuned 2 0 1690312498 30000000 6 107158272774 1 1
snapshot GLT1SNAP 00010000 474c5431 00000045 00000007 0011bb7a 00000019 00000002 00000000 00000000 00000000 00000000 00000000 00000000 00000000 00000000 00000000 00000000 00000000 00000000 00000000 00000000 01c9c380 00009ab0 b04a2fab 00000001
visit after_run 2 0 1690312498 30000000 7 107375344506 1 1
terminal 0
