0 1240 1 -3.202460978293642e-08 471922.3722965446 0.08711466426093026 0
1 4573 2 -8.751678917927285e-09 471934.36174683465 0.07053341105565043 0
2 7907 3 -2.3640669392413837e-08 470928.25261044013 0.0017332406049932036 64
3 11240 1 -9.556885600027308e-09 471900.0094161831 0.08316281281342168 0
4 14573 2 2.8324980006282295e-08 471907.931713523 0.08134384270851945 0
5 17906 3 3.797327635934002e-08 471886.1314041825 0.08359945930033862 0
6 21240 1 1.7076590267753778e-08 471884.34882793075 0.0785671292330959 0
7 24573 2 3.667658778495708e-08 471889.04931469366 0.08235878627772014 0
8 27908 3 6.637319656630152e-08 471091.40270390734 0.0010596425498601274 64
9 31240 1 1.8691248808039717e-08 471873.77213172504 0.08509515572978059 0
10 34573 3 -3.019257022614387e-08 471893.38319038803 0.07864013496607193 0
11 37907 0 2.938891454624791e-09 471860.606112508 0.08358907921846473 0
12 41240 2 -3.139727220312055e-08 471864.04701724194 0.07679109470267487 0
13 44573 3 -1.179904047228715e-08 471881.2849579464 0.07416378705287377 0
14 47904 3 -1.1791072992195574e-07 471515.0470422176 0.0007852278806617948 64
15 51240 2 -3.439534789525694e-08 471850.44512243534 0.07554000729071747 0
16 54573 3 1.7746150993254796e-08 471872.27456563414 0.0957879310962569 0
17 57908 1 -1.4955725603040425e-08 473024.8821921969 0.0010298550022830623 64
18 61240 2 -1.71320192140672e-09 471840.8002542466 0.0800354152569268 0
19 64573 3 2.2976839094905164e-08 471803.63192368316 0.08910418839842055 0
20 67907 1 -2.573073210472999e-08 471859.33689587185 0.09645068454746142 0
21 71240 2 1.2189053421635655e-08 471834.04148862447 0.08276090584680594 0
22 74574 0 -2.9297861807404e-08 471827.5143001955 0.07775229979725883 0
23 77904 3 -1.8952621656842614e-07 471517.237116932 0.0007034377393014887 64
24 81240 2 1.847167552908583e-08 471801.8064260907 0.08100156718795289 0
25 84573 3 3.791666483750937e-08 471817.0663099096 0.06778409671783012 0
26 87907 1 2.639135381920524e-08 471785.397404314 0.07491510901776692 0
27 91240 3 -2.579366808653138e-08 471777.7275397413 0.07587528540582247 0
28 94574 0 -1.2953826491159025e-08 471783.15468776255 0.08656627470489967 0
29 97908 0 7.067941824948757e-09 472312.4468676103 0.0011136785643379476 64
30 101240 3 -2.8909620382107137e-08 471775.86084836075 0.07273719808637936 0
31 104574 0 1.6381565588975235e-08 471773.989731555 0.07668894772547594 0
