plan 30000000 1040005e0b100007100010000bf33a5d4d 1690312500 1940312500 1536 2 60000000000
snapshot GLT1SNAP 00010000 474c5431 00000018 00000002 3ffe0be1 0000000c 00000002 00000000 00000000 00000000 00000000 00000000 00000000 00000000 00000000 00000000 00000000 00000000 00000000 00000000 00000000 01c9c380 00009ab0 b04a2fab 00000001
visit before_tune 0 0 1690312498 30000000 2 52613221345 1 1
snapshot GLT1SNAP 00010000 474c5431 00000019 00000002 400afd44 0000000c 00000002 00000000 00000000 00000000 00000000 00000000 00000000 00000000 00000000 00000000 00000000 00000000 00000000 00000000 00000000 01c9c380 00009ab0 b04a2fab 00000001
snapshot GLT1SNAP 00010000 474c5431 0000001a 00000002 402462a2 0000000c 00000002 00000000 00000000 00000000 00000000 00000000 00000000 00000000 00000000 00000000 00000000 00000000 00000000 00000000 00000000 01c9c380 00009ab0 b04a2fab 00000001
visit tuned 0 0 1690312498 30000000 2 52615733922 1 1
snapshot GLT1SNAP 00010000 474c5431 00000020 00000003 4d0f2fbc 0000000c 00000002 00000000 00000000 00000000 00000000 00000000 00000000 00000000 00000000 00000000 00000000 00000000 00000000 00000000 00000000 01c9c380 00009ab0 b04a2fab 00000001
visit after_run 0 0 1690312498 30000000 3 52832448444 1 1
snapshot GLT1SNAP 00010000 474c5431 00000021 00000003 4d1c2dc9 0000000c 00000002 00000000 00000000 00000000 00000000 00000000 00000000 00000000 00000000 00000000 00000000 00000000 00000000 00000000 00000000 01c9c380 00009ab0 b04a2fab 00000001
visit before_tune 1 0 1690312498 30000000 3 52833299913 1 1
snapshot GLT1SNAP 00010000 474c5431 00000022 00000003 4d291684 0000000c 00000002 00000000 00000000 00000000 00000000 00000000 00000000 00000000 00000000 00000000 00000000 00000000 00000000 00000000 00000000 01c9c380 00009ab0 b04a2fab 00000001
snapshot GLT1SNAP 00010000 474c5431 00000023 00000003 4d42723a 0000000c 00000002 00000000 00000000 00000000 00000000 00000000 00000000 00000000 00000000 00000000 00000000 00000000 00000000 00000000 00000000 01c9c380 00009ab0 b04a2fab 00000001
visit tuned 1 0 1940312500 30000000 3 52835807802 1 1
snapshot GLT1SNAP 00010000 474c5431 00000029 00000004 5aea4555 0000000c 00000002 00000000 00000000 00000000 00000000 00000000 00000000 00000000 00000000 00000000 00000000 00000000 00000000 00000000 00000000 01c9c380 00009ab0 b04a2fab 00000001
visit after_run 1 0 1940312500 30000000 4 53064910165 1 1
terminal 0
